0 0 1
0.04 0 1
0.08 0 1
0.12 0 1
0.16 0 1
0.2 0 1
0.24 0 1
0.28 0 1
0.32 0 1
0.36 0 1
0.4 0 1
0.44 0 1
0.48 0 1
0.52 0 1
0.56 0 1
0.6 0 1
0.64 0 1
0.68 0 1
0.72 0 1
0.76 0 1
0.8 0 1
0.84 0 1
0.88 0 1
0.92 0 1
0.96 0 1
1 0 1
1.04 0 1
1.08 0 1
1.12 0 1
1.16 0 1
1.2 0 1
1.24 0 1
1.28 0 1
1.32 0 1
1.36 0 1
1.4 0 1
1.44 0 1
1.48 0 1
1.52 0 1
1.56 0 1
1.6 0 1
1.64 0 1
1.68 0 1
1.72 0 1
1.76 0 1
1.8 0 1
1.84 0 1
1.88 0 1
1.92 0 1
1.96 0 1
2 0 1

0 0.02 1
0.04 0.02 1.0008
0.08 0.02 1.0016
0.12 0.02 1.0024
0.16 0.02 1.0032
0.2 0.02 1.004
0.24 0.02 1.0048
0.28 0.02 1.0056
0.32 0.02 1.00641
0.36 0.02 1.00721
0.4 0.02 1.00801
0.44 0.02 1.00882
0.48 0.02 1.00962
0.52 0.02 1.01043
0.56 0.02 1.01124
0.6 0.02 1.01205
0.64 0.02 1.01286
0.68 0.02 1.01367
0.72 0.02 1.01448
0.76 0.02 1.01529
0.8 0.02 1.0161
0.84 0.02 1.01691
0.88 0.02 1.01773
0.92 0.02 1.01854
0.96 0.02 1.01935
1 0.02 1.02017
1.04 0.02 1.02099
1.08 0.02 1.0218
1.12 0.02 1.02262
1.16 0.02 1.02344
1.2 0.02 1.02426
1.24 0.02 1.02508
1.28 0.02 1.0259
1.32 0.02 1.02673
1.36 0.02 1.02755
1.4 0.02 1.02837
1.44 0.02 1.0292
1.48 0.02 1.03002
1.52 0.02 1.03085
1.56 0.02 1.03167
1.6 0.02 1.0325
1.64 0.02 1.03333
1.68 0.02 1.03416
1.72 0.02 1.03499
1.76 0.02 1.03582
1.8 0.02 1.03665
1.84 0.02 1.03748
1.88 0.02 1.03831
1.92 0.02 1.03914
1.96 0.02 1.03998
2 0.02 1.04081

0 0.04 1
0.04 0.04 1.0016
0.08 0.04 1.0032
0.12 0.04 1.0048
0.16 0.04 1.0064
0.2 0.04 1.00801
0.24 0.04 1.00962
0.28 0.04 1.01124
0.32 0.04 1.01285
0.36 0.04 1.01447
0.4 0.04 1.01609
0.44 0.04 1.01772
0.48 0.04 1.01934
0.52 0.04 1.02097
0.56 0.04 1.0226
0.6 0.04 1.02424
0.64 0.04 1.02588
0.68 0.04 1.02752
0.72 0.04 1.02916
0.76 0.04 1.03081
0.8 0.04 1.03246
0.84 0.04 1.03411
0.88 0.04 1.03577
0.92 0.04 1.03742
0.96 0.04 1.03909
1 0.04 1.04075
1.04 0.04 1.04242
1.08 0.04 1.04409
1.12 0.04 1.04576
1.16 0.04 1.04743
1.2 0.04 1.04911
1.24 0.04 1.05079
1.28 0.04 1.05248
1.32 0.04 1.05417
1.36 0.04 1.05586
1.4 0.04 1.05755
1.44 0.04 1.05925
1.48 0.04 1.06095
1.52 0.04 1.06265
1.56 0.04 1.06435
1.6 0.04 1.06606
1.64 0.04 1.06777
1.68 0.04 1.06948
1.72 0.04 1.0712
1.76 0.04 1.07292
1.8 0.04 1.07464
1.84 0.04 1.07636
1.88 0.04 1.07809
1.92 0.04 1.07982
1.96 0.04 1.08155
2 0.04 1.08329

0 0.06 1
0.04 0.06 1.0024
0.08 0.06 1.0048
0.12 0.06 1.00721
0.16 0.06 1.00962
0.2 0.06 1.01204
0.24 0.06 1.01447
0.28 0.06 1.0169
0.32 0.06 1.01934
0.36 0.06 1.02178
0.4 0.06 1.02424
0.44 0.06 1.02669
0.48 0.06 1.02915
0.52 0.06 1.03162
0.56 0.06 1.0341
0.6 0.06 1.03658
0.64 0.06 1.03907
0.68 0.06 1.04156
0.72 0.06 1.04406
0.76 0.06 1.04657
0.8 0.06 1.04908
0.84 0.06 1.0516
0.88 0.06 1.05413
0.92 0.06 1.05666
0.96 0.06 1.0592
1 0.06 1.06174
1.04 0.06 1.0643
1.08 0.06 1.06686
1.12 0.06 1.06942
1.16 0.06 1.07199
1.2 0.06 1.07457
1.24 0.06 1.07715
1.28 0.06 1.07975
1.32 0.06 1.08234
1.36 0.06 1.08495
1.4 0.06 1.08756
1.44 0.06 1.09018
1.48 0.06 1.0928
1.52 0.06 1.09543
1.56 0.06 1.09807
1.6 0.06 1.10071
1.64 0.06 1.10336
1.68 0.06 1.10602
1.72 0.06 1.10868
1.76 0.06 1.11135
1.8 0.06 1.11402
1.84 0.06 1.11671
1.88 0.06 1.1194
1.92 0.06 1.12209
1.96 0.06 1.12479
2 0.06 1.1275

0 0.08 1
0.04 0.08 1.0032
0.08 0.08 1.0064
0.12 0.08 1.00962
0.16 0.08 1.01285
0.2 0.08 1.01609
0.24 0.08 1.01934
0.28 0.08 1.0226
0.32 0.08 1.02587
0.36 0.08 1.02915
0.4 0.08 1.03244
0.44 0.08 1.03575
0.48 0.08 1.03906
0.52 0.08 1.04239
0.56 0.08 1.04572
0.6 0.08 1.04907
0.64 0.08 1.05243
0.68 0.08 1.0558
0.72 0.08 1.05918
0.76 0.08 1.06257
0.8 0.08 1.06598
0.84 0.08 1.06939
0.88 0.08 1.07282
0.92 0.08 1.07625
0.96 0.08 1.0797
1 0.08 1.08317
1.04 0.08 1.08664
1.08 0.08 1.09012
1.12 0.08 1.09362
1.16 0.08 1.09713
1.2 0.08 1.10065
1.24 0.08 1.10418
1.28 0.08 1.10772
1.32 0.08 1.11127
1.36 0.08 1.11484
1.4 0.08 1.11842
1.44 0.08 1.12201
1.48 0.08 1.12561
1.52 0.08 1.12923
1.56 0.08 1.13285
1.6 0.08 1.13649
1.64 0.08 1.14014
1.68 0.08 1.1438
1.72 0.08 1.14747
1.76 0.08 1.15116
1.8 0.08 1.15485
1.84 0.08 1.15856
1.88 0.08 1.16228
1.92 0.08 1.16601
1.96 0.08 1.16976
2 0.08 1.17351

0 0.1 1
0.04 0.1 1.004
0.08 0.1 1.00801
0.12 0.1 1.01204
0.16 0.1 1.01609
0.2 0.1 1.02015
0.24 0.1 1.02423
0.28 0.1 1.02833
0.32 0.1 1.03244
0.36 0.1 1.03657
0.4 0.1 1.04072
0.44 0.1 1.04488
0.48 0.1 1.04907
0.52 0.1 1.05326
0.56 0.1 1.05748
0.6 0.1 1.06171
0.64 0.1 1.06596
0.68 0.1 1.07023
0.72 0.1 1.07452
0.76 0.1 1.07882
0.8 0.1 1.08314
0.84 0.1 1.08748
0.88 0.1 1.09184
0.92 0.1 1.09621
0.96 0.1 1.10061
1 0.1 1.10502
1.04 0.1 1.10945
1.08 0.1 1.1139
1.12 0.1 1.11837
1.16 0.1 1.12285
1.2 0.1 1.12736
1.24 0.1 1.13188
1.28 0.1 1.13642
1.32 0.1 1.14098
1.36 0.1 1.14556
1.4 0.1 1.15016
1.44 0.1 1.15477
1.48 0.1 1.15941
1.52 0.1 1.16406
1.56 0.1 1.16874
1.6 0.1 1.17343
1.64 0.1 1.17814
1.68 0.1 1.18287
1.72 0.1 1.18762
1.76 0.1 1.19239
1.8 0.1 1.19718
1.84 0.1 1.20199
1.88 0.1 1.20681
1.92 0.1 1.21166
1.96 0.1 1.21652
2 0.1 1.2214

0 0.12 1
0.04 0.12 1.0048
0.08 0.12 1.00962
0.12 0.12 1.01447
0.16 0.12 1.01934
0.2 0.12 1.02423
0.24 0.12 1.02915
0.28 0.12 1.03409
0.32 0.12 1.03906
0.36 0.12 1.04405
0.4 0.12 1.04906
0.44 0.12 1.0541
0.48 0.12 1.05917
0.52 0.12 1.06425
0.56 0.12 1.06937
0.6 0.12 1.07451
0.64 0.12 1.07967
0.68 0.12 1.08486
0.72 0.12 1.09008
0.76 0.12 1.09532
0.8 0.12 1.10059
0.84 0.12 1.10588
0.88 0.12 1.1112
0.92 0.12 1.11655
0.96 0.12 1.12192
1 0.12 1.12732
1.04 0.12 1.13274
1.08 0.12 1.1382
1.12 0.12 1.14367
1.16 0.12 1.14918
1.2 0.12 1.15472
1.24 0.12 1.16028
1.28 0.12 1.16587
1.32 0.12 1.17148
1.36 0.12 1.17713
1.4 0.12 1.1828
1.44 0.12 1.1885
1.48 0.12 1.19422
1.52 0.12 1.19998
1.56 0.12 1.20576
1.6 0.12 1.21157
1.64 0.12 1.21741
1.68 0.12 1.22328
1.72 0.12 1.22918
1.76 0.12 1.2351
1.8 0.12 1.24106
1.84 0.12 1.24704
1.88 0.12 1.25305
1.92 0.12 1.25909
1.96 0.12 1.26515
2 0.12 1.27125

0 0.14 1
0.04 0.14 1.0056
0.08 0.14 1.01124
0.12 0.14 1.0169
0.16 0.14 1.0226
0.2 0.14 1.02833
0.24 0.14 1.03409
0.28 0.14 1.03989
0.32 0.14 1.04572
0.36 0.14 1.05158
0.4 0.14 1.05747
0.44 0.14 1.0634
0.48 0.14 1.06936
0.52 0.14 1.07536
0.56 0.14 1.08139
0.6 0.14 1.08746
0.64 0.14 1.09356
0.68 0.14 1.09969
0.72 0.14 1.10586
0.76 0.14 1.11207
0.8 0.14 1.11831
0.84 0.14 1.12459
0.88 0.14 1.1309
0.92 0.14 1.13726
0.96 0.14 1.14364
1 0.14 1.15007
1.04 0.14 1.15653
1.08 0.14 1.16302
1.12 0.14 1.16956
1.16 0.14 1.17613
1.2 0.14 1.18274
1.24 0.14 1.18939
1.28 0.14 1.19608
1.32 0.14 1.2028
1.36 0.14 1.20956
1.4 0.14 1.21637
1.44 0.14 1.22321
1.48 0.14 1.23009
1.52 0.14 1.237
1.56 0.14 1.24396
1.6 0.14 1.25096
1.64 0.14 1.258
1.68 0.14 1.26507
1.72 0.14 1.27219
1.76 0.14 1.27935
1.8 0.14 1.28654
1.84 0.14 1.29378
1.88 0.14 1.30106
1.92 0.14 1.30837
1.96 0.14 1.31573
2 0.14 1.32313

0 0.16 1
0.04 0.16 1.00641
0.08 0.16 1.01285
0.12 0.16 1.01934
0.16 0.16 1.02587
0.2 0.16 1.03244
0.24 0.16 1.03906
0.28 0.16 1.04572
0.32 0.16 1.05242
0.36 0.16 1.05916
0.4 0.16 1.06595
0.44 0.16 1.07278
0.48 0.16 1.07966
0.52 0.16 1.08658
0.56 0.16 1.09355
0.6 0.16 1.10057
0.64 0.16 1.10762
0.68 0.16 1.11473
0.72 0.16 1.12188
0.76 0.16 1.12908
0.8 0.16 1.13633
0.84 0.16 1.14362
0.88 0.16 1.15096
0.92 0.16 1.15835
0.96 0.16 1.16579
1 0.16 1.17328
1.04 0.16 1.18081
1.08 0.16 1.1884
1.12 0.16 1.19603
1.16 0.16 1.20372
1.2 0.16 1.21145
1.24 0.16 1.21924
1.28 0.16 1.22707
1.32 0.16 1.23496
1.36 0.16 1.2429
1.4 0.16 1.25089
1.44 0.16 1.25893
1.48 0.16 1.26703
1.52 0.16 1.27517
1.56 0.16 1.28337
1.6 0.16 1.29163
1.64 0.16 1.29993
1.68 0.16 1.30829
1.72 0.16 1.31671
1.76 0.16 1.32518
1.8 0.16 1.3337
1.84 0.16 1.34227
1.88 0.16 1.35091
1.92 0.16 1.35959
1.96 0.16 1.36833
2 0.16 1.37713

0 0.18 1
0.04 0.18 1.00721
0.08 0.18 1.01447
0.12 0.18 1.02178
0.16 0.18 1.02915
0.2 0.18 1.03657
0.24 0.18 1.04405
0.28 0.18 1.05158
0.32 0.18 1.05916
0.36 0.18 1.0668
0.4 0.18 1.0745
0.44 0.18 1.08225
0.48 0.18 1.09006
0.52 0.18 1.09793
0.56 0.18 1.10585
0.6 0.18 1.11383
0.64 0.18 1.12187
0.68 0.18 1.12997
0.72 0.18 1.13813
0.76 0.18 1.14635
0.8 0.18 1.15463
0.84 0.18 1.16297
0.88 0.18 1.17138
0.92 0.18 1.17984
0.96 0.18 1.18837
1 0.18 1.19696
1.04 0.18 1.20561
1.08 0.18 1.21432
1.12 0.18 1.2231
1.16 0.18 1.23195
1.2 0.18 1.24086
1.24 0.18 1.24983
1.28 0.18 1.25887
1.32 0.18 1.26798
1.36 0.18 1.27715
1.4 0.18 1.28639
1.44 0.18 1.2957
1.48 0.18 1.30508
1.52 0.18 1.31452
1.56 0.18 1.32404
1.6 0.18 1.33362
1.64 0.18 1.34327
1.68 0.18 1.35299
1.72 0.18 1.36278
1.76 0.18 1.37265
1.8 0.18 1.38258
1.84 0.18 1.39259
1.88 0.18 1.40266
1.92 0.18 1.41281
1.96 0.18 1.42303
2 0.18 1.43333

0 0.2 1
0.04 0.2 1.00801
0.08 0.2 1.01609
0.12 0.2 1.02424
0.16 0.2 1.03244
0.2 0.2 1.04072
0.24 0.2 1.04906
0.28 0.2 1.05747
0.32 0.2 1.06595
0.36 0.2 1.0745
0.4 0.2 1.08312
0.44 0.2 1.0918
0.48 0.2 1.10056
0.52 0.2 1.10939
0.56 0.2 1.11829
0.6 0.2 1.12726
0.64 0.2 1.13631
0.68 0.2 1.14543
0.72 0.2 1.15462
0.76 0.2 1.16389
0.8 0.2 1.17323
0.84 0.2 1.18266
0.88 0.2 1.19215
0.92 0.2 1.20173
0.96 0.2 1.21138
1 0.2 1.22112
1.04 0.2 1.23093
1.08 0.2 1.24082
1.12 0.2 1.25079
1.16 0.2 1.26084
1.2 0.2 1.27098
1.24 0.2 1.2812
1.28 0.2 1.2915
1.32 0.2 1.30188
1.36 0.2 1.31235
1.4 0.2 1.32291
1.44 0.2 1.33355
1.48 0.2 1.34427
1.52 0.2 1.35509
1.56 0.2 1.36599
1.6 0.2 1.37697
1.64 0.2 1.38805
1.68 0.2 1.39922
1.72 0.2 1.41047
1.76 0.2 1.42182
1.8 0.2 1.43326
1.84 0.2 1.44478
1.88 0.2 1.45641
1.92 0.2 1.46812
1.96 0.2 1.47992
2 0.2 1.49182

0 0.22 1
0.04 0.22 1.00882
0.08 0.22 1.01772
0.12 0.22 1.02669
0.16 0.22 1.03575
0.2 0.22 1.04488
0.24 0.22 1.0541
0.28 0.22 1.0634
0.32 0.22 1.07278
0.36 0.22 1.08225
0.4 0.22 1.0918
0.44 0.22 1.10144
0.48 0.22 1.11116
0.52 0.22 1.12097
0.56 0.22 1.13087
0.6 0.22 1.14085
0.64 0.22 1.15093
0.68 0.22 1.16109
0.72 0.22 1.17135
0.76 0.22 1.1817
0.8 0.22 1.19214
0.84 0.22 1.20267
0.88 0.22 1.2133
0.92 0.22 1.22403
0.96 0.22 1.23485
1 0.22 1.24576
1.04 0.22 1.25678
1.08 0.22 1.26789
1.12 0.22 1.27911
1.16 0.22 1.29042
1.2 0.22 1.30184
1.24 0.22 1.31335
1.28 0.22 1.32497
1.32 0.22 1.3367
1.36 0.22 1.34853
1.4 0.22 1.36046
1.44 0.22 1.3725
1.48 0.22 1.38465
1.52 0.22 1.3969
1.56 0.22 1.40927
1.6 0.22 1.42174
1.64 0.22 1.43433
1.68 0.22 1.44702
1.72 0.22 1.45983
1.76 0.22 1.47275
1.8 0.22 1.48579
1.84 0.22 1.49894
1.88 0.22 1.51221
1.92 0.22 1.52559
1.96 0.22 1.53909
2 0.22 1.55271

0 0.24 1
0.04 0.24 1.00962
0.08 0.24 1.01934
0.12 0.24 1.02915
0.16 0.24 1.03906
0.2 0.24 1.04907
0.24 0.24 1.05917
0.28 0.24 1.06936
0.32 0.24 1.07966
0.36 0.24 1.09006
0.4 0.24 1.10056
0.44 0.24 1.11116
0.48 0.24 1.12186
0.52 0.24 1.13267
0.56 0.24 1.14359
0.6 0.24 1.15461
0.64 0.24 1.16574
0.68 0.24 1.17697
0.72 0.24 1.18832
0.76 0.24 1.19978
0.8 0.24 1.21135
0.84 0.24 1.22303
0.88 0.24 1.23483
0.92 0.24 1.24674
0.96 0.24 1.25877
1 0.24 1.27091
1.04 0.24 1.28318
1.08 0.24 1.29556
1.12 0.24 1.30807
1.16 0.24 1.32069
1.2 0.24 1.33344
1.24 0.24 1.34632
1.28 0.24 1.35932
1.32 0.24 1.37244
1.36 0.24 1.3857
1.4 0.24 1.39908
1.44 0.24 1.41259
1.48 0.24 1.42624
1.52 0.24 1.44001
1.56 0.24 1.45392
1.6 0.24 1.46797
1.64 0.24 1.48215
1.68 0.24 1.49646
1.72 0.24 1.51092
1.76 0.24 1.52551
1.8 0.24 1.54025
1.84 0.24 1.55513
1.88 0.24 1.57015
1.92 0.24 1.58531
1.96 0.24 1.60062
2 0.24 1.61607

0 0.26 1
0.04 0.26 1.01043
0.08 0.26 1.02097
0.12 0.26 1.03162
0.16 0.26 1.04239
0.2 0.26 1.05326
0.24 0.26 1.06425
0.28 0.26 1.07536
0.32 0.26 1.08658
0.36 0.26 1.09793
0.4 0.26 1.10939
0.44 0.26 1.12097
0.48 0.26 1.13267
0.52 0.26 1.1445
0.56 0.26 1.15645
0.6 0.26 1.16853
0.64 0.26 1.18074
0.68 0.26 1.19308
0.72 0.26 1.20554
0.76 0.26 1.21814
0.8 0.26 1.23087
0.84 0.26 1.24374
0.88 0.26 1.25674
0.92 0.26 1.26988
0.96 0.26 1.28316
1 0.26 1.29657
1.04 0.26 1.31013
1.08 0.26 1.32384
1.12 0.26 1.33769
1.16 0.26 1.35168
1.2 0.26 1.36582
1.24 0.26 1.38011
1.28 0.26 1.39455
1.32 0.26 1.40915
1.36 0.26 1.4239
1.4 0.26 1.4388
1.44 0.26 1.45386
1.48 0.26 1.46908
1.52 0.26 1.48445
1.56 0.26 1.49999
1.6 0.26 1.5157
1.64 0.26 1.53156
1.68 0.26 1.5476
1.72 0.26 1.5638
1.76 0.26 1.58017
1.8 0.26 1.59671
1.84 0.26 1.61342
1.88 0.26 1.63031
1.92 0.26 1.64737
1.96 0.26 1.66461
2 0.26 1.68203

0 0.28 1
0.04 0.28 1.01124
0.08 0.28 1.0226
0.12 0.28 1.0341
0.16 0.28 1.04572
0.2 0.28 1.05748
0.24 0.28 1.06937
0.28 0.28 1.08139
0.32 0.28 1.09355
0.36 0.28 1.10585
0.4 0.28 1.11829
0.44 0.28 1.13087
0.48 0.28 1.14359
0.52 0.28 1.15645
0.56 0.28 1.16947
0.6 0.28 1.18263
0.64 0.28 1.19594
0.68 0.28 1.2094
0.72 0.28 1.22301
0.76 0.28 1.23678
0.8 0.28 1.25071
0.84 0.28 1.26479
0.88 0.28 1.27904
0.92 0.28 1.29345
0.96 0.28 1.30802
1 0.28 1.32275
1.04 0.28 1.33766
1.08 0.28 1.35273
1.12 0.28 1.36798
1.16 0.28 1.38339
1.2 0.28 1.39899
1.24 0.28 1.41476
1.28 0.28 1.43071
1.32 0.28 1.44684
1.36 0.28 1.46315
1.4 0.28 1.47965
1.44 0.28 1.49633
1.48 0.28 1.5132
1.52 0.28 1.53027
1.56 0.28 1.54753
1.6 0.28 1.56498
1.64 0.28 1.58263
1.68 0.28 1.60047
1.72 0.28 1.61852
1.76 0.28 1.63678
1.8 0.28 1.65523
1.84 0.28 1.6739
1.88 0.28 1.69277
1.92 0.28 1.71186
1.96 0.28 1.73116
2 0.28 1.75067

0 0.3 1
0.04 0.3 1.01205
0.08 0.3 1.02424
0.12 0.3 1.03658
0.16 0.3 1.04907
0.2 0.3 1.06171
0.24 0.3 1.07451
0.28 0.3 1.08746
0.32 0.3 1.10057
0.36 0.3 1.11383
0.4 0.3 1.12726
0.44 0.3 1.14085
0.48 0.3 1.15461
0.52 0.3 1.16853
0.56 0.3 1.18263
0.6 0.3 1.19689
0.64 0.3 1.21133
0.68 0.3 1.22595
0.72 0.3 1.24074
0.76 0.3 1.25571
0.8 0.3 1.27087
0.84 0.3 1.28621
0.88 0.3 1.30174
0.92 0.3 1.31745
0.96 0.3 1.33336
1 0.3 1.34946
1.04 0.3 1.36576
1.08 0.3 1.38226
1.12 0.3 1.39895
1.16 0.3 1.41585
1.2 0.3 1.43296
1.24 0.3 1.45027
1.28 0.3 1.4678
1.32 0.3 1.48553
1.36 0.3 1.50349
1.4 0.3 1.52166
1.44 0.3 1.54005
1.48 0.3 1.55866
1.52 0.3 1.5775
1.56 0.3 1.59657
1.6 0.3 1.61586
1.64 0.3 1.63539
1.68 0.3 1.65516
1.72 0.3 1.67517
1.76 0.3 1.69541
1.8 0.3 1.71591
1.84 0.3 1.73664
1.88 0.3 1.75763
1.92 0.3 1.77887
1.96 0.3 1.80037
2 0.3 1.82212

0 0.32 1
0.04 0.32 1.01286
0.08 0.32 1.02588
0.12 0.32 1.03907
0.16 0.32 1.05243
0.2 0.32 1.06596
0.24 0.32 1.07967
0.28 0.32 1.09356
0.32 0.32 1.10762
0.36 0.32 1.12187
0.4 0.32 1.13631
0.44 0.32 1.15093
0.48 0.32 1.16574
0.52 0.32 1.18074
0.56 0.32 1.19594
0.6 0.32 1.21133
0.64 0.32 1.22693
0.68 0.32 1.24272
0.72 0.32 1.25873
0.76 0.32 1.27494
0.8 0.32 1.29136
0.84 0.32 1.30799
0.88 0.32 1.32484
0.92 0.32 1.34191
0.96 0.32 1.3592
1 0.32 1.37672
1.04 0.32 1.39446
1.08 0.32 1.41243
1.12 0.32 1.43064
1.16 0.32 1.44908
1.2 0.32 1.46776
1.24 0.32 1.48668
1.28 0.32 1.50585
1.32 0.32 1.52527
1.36 0.32 1.54494
1.4 0.32 1.56486
1.44 0.32 1.58504
1.48 0.32 1.60548
1.52 0.32 1.62619
1.56 0.32 1.64716
1.6 0.32 1.66841
1.64 0.32 1.68992
1.68 0.32 1.71172
1.72 0.32 1.73379
1.76 0.32 1.75616
1.8 0.32 1.7788
1.84 0.32 1.80174
1.88 0.32 1.82498
1.92 0.32 1.84851
1.96 0.32 1.87234
2 0.32 1.89648

0 0.34 1
0.04 0.34 1.01367
0.08 0.34 1.02752
0.12 0.34 1.04156
0.16 0.34 1.0558
0.2 0.34 1.07023
0.24 0.34 1.08486
0.28 0.34 1.09969
0.32 0.34 1.11473
0.36 0.34 1.12997
0.4 0.34 1.14543
0.44 0.34 1.16109
0.48 0.34 1.17697
0.52 0.34 1.19308
0.56 0.34 1.2094
0.6 0.34 1.22595
0.64 0.34 1.24272
0.68 0.34 1.25973
0.72 0.34 1.27697
0.76 0.34 1.29445
0.8 0.34 1.31218
0.84 0.34 1.33014
0.88 0.34 1.34836
0.92 0.34 1.36682
0.96 0.34 1.38554
1 0.34 1.40452
1.04 0.34 1.42376
1.08 0.34 1.44326
1.12 0.34 1.46304
1.16 0.34 1.48308
1.2 0.34 1.50341
1.24 0.34 1.52401
1.28 0.34 1.54489
1.32 0.34 1.56607
1.36 0.34 1.58753
1.4 0.34 1.60929
1.44 0.34 1.63135
1.48 0.34 1.65371
1.52 0.34 1.67638
1.56 0.34 1.69936
1.6 0.34 1.72266
1.64 0.34 1.74627
1.68 0.34 1.77021
1.72 0.34 1.79447
1.76 0.34 1.81907
1.8 0.34 1.84401
1.84 0.34 1.86928
1.88 0.34 1.8949
1.92 0.34 1.92087
1.96 0.34 1.9472
2 0.34 1.97388

0 0.36 1
0.04 0.36 1.01448
0.08 0.36 1.02916
0.12 0.36 1.04406
0.16 0.36 1.05918
0.2 0.36 1.07452
0.24 0.36 1.09008
0.28 0.36 1.10586
0.32 0.36 1.12188
0.36 0.36 1.13813
0.4 0.36 1.15462
0.44 0.36 1.17135
0.48 0.36 1.18832
0.52 0.36 1.20554
0.56 0.36 1.22301
0.6 0.36 1.24074
0.64 0.36 1.25873
0.68 0.36 1.27697
0.72 0.36 1.29549
0.76 0.36 1.31427
0.8 0.36 1.33333
0.84 0.36 1.35267
0.88 0.36 1.37229
0.92 0.36 1.3922
0.96 0.36 1.4124
1 0.36 1.43289
1.04 0.36 1.45368
1.08 0.36 1.47477
1.12 0.36 1.49618
1.16 0.36 1.51789
1.2 0.36 1.53992
1.24 0.36 1.56227
1.28 0.36 1.58495
1.32 0.36 1.60796
1.36 0.36 1.6313
1.4 0.36 1.65499
1.44 0.36 1.67902
1.48 0.36 1.70339
1.52 0.36 1.72813
1.56 0.36 1.75322
1.6 0.36 1.77867
1.64 0.36 1.8045
1.68 0.36 1.8307
1.72 0.36 1.85728
1.76 0.36 1.88425
1.8 0.36 1.9116
1.84 0.36 1.93935
1.88 0.36 1.96751
1.92 0.36 1.99607
1.96 0.36 2.02504
2 0.36 2.05443

0 0.38 1
0.04 0.38 1.01529
0.08 0.38 1.03081
0.12 0.38 1.04657
0.16 0.38 1.06257
0.2 0.38 1.07882
0.24 0.38 1.09532
0.28 0.38 1.11207
0.32 0.38 1.12908
0.36 0.38 1.14635
0.4 0.38 1.16389
0.44 0.38 1.1817
0.48 0.38 1.19978
0.52 0.38 1.21814
0.56 0.38 1.23678
0.6 0.38 1.25571
0.64 0.38 1.27493
0.68 0.38 1.29445
0.72 0.38 1.31427
0.76 0.38 1.3344
0.8 0.38 1.35483
0.84 0.38 1.37558
0.88 0.38 1.39665
0.92 0.38 1.41805
0.96 0.38 1.43977
1 0.38 1.46183
1.04 0.38 1.48423
1.08 0.38 1.50697
1.12 0.38 1.53007
1.16 0.38 1.55352
1.2 0.38 1.57733
1.24 0.38 1.6015
1.28 0.38 1.62605
1.32 0.38 1.65098
1.36 0.38 1.67629
1.4 0.38 1.70198
1.44 0.38 1.72808
1.48 0.38 1.75457
1.52 0.38 1.78147
1.56 0.38 1.80878
1.6 0.38 1.83651
1.64 0.38 1.86467
1.68 0.38 1.89326
1.72 0.38 1.92228
1.76 0.38 1.95175
1.8 0.38 1.98167
1.84 0.38 2.01205
1.88 0.38 2.04289
1.92 0.38 2.07421
1.96 0.38 2.106
2 0.38 2.13828

0 0.4 1
0.04 0.4 1.0161
0.08 0.4 1.03246
0.12 0.4 1.04908
0.16 0.4 1.06597
0.2 0.4 1.08314
0.24 0.4 1.10059
0.28 0.4 1.11831
0.32 0.4 1.13633
0.36 0.4 1.15463
0.4 0.4 1.17323
0.44 0.4 1.19214
0.48 0.4 1.21135
0.52 0.4 1.23087
0.56 0.4 1.25071
0.6 0.4 1.27087
0.64 0.4 1.29136
0.68 0.4 1.31217
0.72 0.4 1.33333
0.76 0.4 1.35483
0.8 0.4 1.37668
0.84 0.4 1.39889
0.88 0.4 1.42145
0.92 0.4 1.44438
0.96 0.4 1.46768
1 0.4 1.49136
1.04 0.4 1.51542
1.08 0.4 1.53988
1.12 0.4 1.56473
1.16 0.4 1.58998
1.2 0.4 1.61564
1.24 0.4 1.64172
1.28 0.4 1.66822
1.32 0.4 1.69514
1.36 0.4 1.72251
1.4 0.4 1.75031
1.44 0.4 1.77857
1.48 0.4 1.80728
1.52 0.4 1.83646
1.56 0.4 1.86611
1.6 0.4 1.89623
1.64 0.4 1.92685
1.68 0.4 1.95795
1.72 0.4 1.98956
1.76 0.4 2.02168
1.8 0.4 2.05432
1.84 0.4 2.08748
1.88 0.4 2.12117
1.92 0.4 2.15541
1.96 0.4 2.19019
2 0.4 2.22554

0 0.42 1
0.04 0.42 1.01691
0.08 0.42 1.03411
0.12 0.42 1.0516
0.16 0.42 1.06939
0.2 0.42 1.08748
0.24 0.42 1.10588
0.28 0.42 1.12459
0.32 0.42 1.14362
0.36 0.42 1.16297
0.4 0.42 1.18265
0.44 0.42 1.20267
0.48 0.42 1.22303
0.52 0.42 1.24373
0.56 0.42 1.26479
0.6 0.42 1.28621
0.64 0.42 1.30799
0.68 0.42 1.33014
0.72 0.42 1.35267
0.76 0.42 1.37558
0.8 0.42 1.39888
0.84 0.42 1.42258
0.88 0.42 1.44669
0.92 0.42 1.4712
0.96 0.42 1.49613
1 0.42 1.52149
1.04 0.42 1.54728
1.08 0.42 1.5735
1.12 0.42 1.60017
1.16 0.42 1.6273
1.2 0.42 1.65489
1.24 0.42 1.68294
1.28 0.42 1.71148
1.32 0.42 1.7405
1.36 0.42 1.77001
1.4 0.42 1.80002
1.44 0.42 1.83054
1.48 0.42 1.86158
1.52 0.42 1.89315
1.56 0.42 1.92525
1.6 0.42 1.9579
1.64 0.42 1.9911
1.68 0.42 2.02486
1.72 0.42 2.0592
1.76 0.42 2.09411
1.8 0.42 2.12962
1.84 0.42 2.16573
1.88 0.42 2.20245
1.92 0.42 2.23979
1.96 0.42 2.27776
2 0.42 2.31637

0 0.44 1
0.04 0.44 1.01773
0.08 0.44 1.03577
0.12 0.44 1.05413
0.16 0.44 1.07282
0.2 0.44 1.09184
0.24 0.44 1.1112
0.28 0.44 1.1309
0.32 0.44 1.15096
0.36 0.44 1.17137
0.4 0.44 1.19215
0.44 0.44 1.2133
0.48 0.44 1.23483
0.52 0.44 1.25674
0.56 0.44 1.27904
0.6 0.44 1.30173
0.64 0.44 1.32484
0.68 0.44 1.34835
0.72 0.44 1.37229
0.76 0.44 1.39665
0.8 0.44 1.42145
0.84 0.44 1.44669
0.88 0.44 1.47238
0.92 0.44 1.49852
0.96 0.44 1.52514
1 0.44 1.55223
1.04 0.44 1.5798
1.08 0.44 1.60786
1.12 0.44 1.63643
1.16 0.44 1.6655
1.2 0.44 1.69509
1.24 0.44 1.72521
1.28 0.44 1.75586
1.32 0.44 1.78706
1.36 0.44 1.81882
1.4 0.44 1.85114
1.44 0.44 1.88403
1.48 0.44 1.91751
1.52 0.44 1.95159
1.56 0.44 1.98627
1.6 0.44 2.02157
1.64 0.44 2.0575
1.68 0.44 2.09406
1.72 0.44 2.13127
1.76 0.44 2.16914
1.8 0.44 2.20769
1.84 0.44 2.24692
1.88 0.44 2.28684
1.92 0.44 2.32747
1.96 0.44 2.36882
2 0.44 2.4109

0 0.46 1
0.04 0.46 1.01854
0.08 0.46 1.03742
0.12 0.46 1.05666
0.16 0.46 1.07625
0.2 0.46 1.09621
0.24 0.46 1.11654
0.28 0.46 1.13725
0.32 0.46 1.15835
0.36 0.46 1.17984
0.4 0.46 1.20173
0.44 0.46 1.22402
0.48 0.46 1.24674
0.52 0.46 1.26987
0.56 0.46 1.29344
0.6 0.46 1.31745
0.64 0.46 1.34191
0.68 0.46 1.36682
0.72 0.46 1.39219
0.76 0.46 1.41804
0.8 0.46 1.44438
0.84 0.46 1.4712
0.88 0.46 1.49852
0.92 0.46 1.52636
0.96 0.46 1.55471
1 0.46 1.58359
1.04 0.46 1.61301
1.08 0.46 1.64298
1.12 0.46 1.6735
1.16 0.46 1.7046
1.2 0.46 1.73627
1.24 0.46 1.76853
1.28 0.46 1.8014
1.32 0.46 1.83488
1.36 0.46 1.86898
1.4 0.46 1.90371
1.44 0.46 1.93909
1.48 0.46 1.97513
1.52 0.46 2.01184
1.56 0.46 2.04923
1.6 0.46 2.08731
1.64 0.46 2.12611
1.68 0.46 2.16562
1.72 0.46 2.20587
1.76 0.46 2.24686
1.8 0.46 2.28862
1.84 0.46 2.33115
1.88 0.46 2.37446
1.92 0.46 2.41858
1.96 0.46 2.46352
2 0.46 2.50929

0 0.48 1
0.04 0.48 1.01935
0.08 0.48 1.03908
0.12 0.48 1.0592
0.16 0.48 1.0797
0.2 0.48 1.10061
0.24 0.48 1.12192
0.28 0.48 1.14364
0.32 0.48 1.16579
0.36 0.48 1.18836
0.4 0.48 1.21138
0.44 0.48 1.23484
0.48 0.48 1.25876
0.52 0.48 1.28315
0.56 0.48 1.30801
0.6 0.48 1.33336
0.64 0.48 1.3592
0.68 0.48 1.38554
0.72 0.48 1.41239
0.76 0.48 1.43977
0.8 0.48 1.46768
0.84 0.48 1.49613
0.88 0.48 1.52514
0.92 0.48 1.55471
0.96 0.48 1.58485
1 0.48 1.61559
1.04 0.48 1.64692
1.08 0.48 1.67886
1.12 0.48 1.71142
1.16 0.48 1.74461
1.2 0.48 1.77845
1.24 0.48 1.81295
1.28 0.48 1.84812
1.32 0.48 1.88397
1.36 0.48 1.92052
1.4 0.48 1.95778
1.44 0.48 1.99576
1.48 0.48 2.03447
1.52 0.48 2.07394
1.56 0.48 2.11418
1.6 0.48 2.1552
1.64 0.48 2.19701
1.68 0.48 2.23963
1.72 0.48 2.28308
1.76 0.48 2.32736
1.8 0.48 2.37251
1.84 0.48 2.41853
1.88 0.48 2.46544
1.92 0.48 2.51326
1.96 0.48 2.56201
2 0.48 2.6117

0 0.5 1
0.04 0.5 1.02017
0.08 0.5 1.04075
0.12 0.5 1.06174
0.16 0.5 1.08316
0.2 0.5 1.10502
0.24 0.5 1.12731
0.28 0.5 1.15006
0.32 0.5 1.17327
0.36 0.5 1.19695
0.4 0.5 1.22111
0.44 0.5 1.24576
0.48 0.5 1.27091
0.52 0.5 1.29657
0.56 0.5 1.32275
0.6 0.5 1.34946
0.64 0.5 1.37671
0.68 0.5 1.40451
0.72 0.5 1.43288
0.76 0.5 1.46183
0.8 0.5 1.49136
0.84 0.5 1.52149
0.88 0.5 1.55223
0.92 0.5 1.58359
0.96 0.5 1.61559
1 0.5 1.64823
1.04 0.5 1.68154
1.08 0.5 1.71553
1.12 0.5 1.7502
1.16 0.5 1.78557
1.2 0.5 1.82166
1.24 0.5 1.85849
1.28 0.5 1.89605
1.32 0.5 1.93438
1.36 0.5 1.97348
1.4 0.5 2.01338
1.44 0.5 2.05408
1.48 0.5 2.09561
1.52 0.5 2.13797
1.56 0.5 2.18119
1.6 0.5 2.22529
1.64 0.5 2.27027
1.68 0.5 2.31617
1.72 0.5 2.36299
1.76 0.5 2.41075
1.8 0.5 2.45948
1.84 0.5 2.5092
1.88 0.5 2.55991
1.92 0.5 2.61165
1.96 0.5 2.66444
2 0.5 2.71828

0 0.52 1
0.04 0.52 1.02099
0.08 0.52 1.04242
0.12 0.52 1.0643
0.16 0.52 1.08664
0.2 0.52 1.10945
0.24 0.52 1.13274
0.28 0.52 1.15652
0.32 0.52 1.18081
0.36 0.52 1.2056
0.4 0.52 1.23092
0.44 0.52 1.25678
0.48 0.52 1.28317
0.52 0.52 1.31013
0.56 0.52 1.33765
0.6 0.52 1.36576
0.64 0.52 1.39445
0.68 0.52 1.42375
0.72 0.52 1.45367
0.76 0.52 1.48422
0.8 0.52 1.51542
0.84 0.52 1.54727
0.88 0.52 1.5798
0.92 0.52 1.61301
0.96 0.52 1.64692
1 0.52 1.68154
1.04 0.52 1.7169
1.08 0.52 1.753
1.12 0.52 1.78986
1.16 0.52 1.82749
1.2 0.52 1.86593
1.24 0.52 1.90516
1.28 0.52 1.94523
1.32 0.52 1.98614
1.36 0.52 2.02791
1.4 0.52 2.07056
1.44 0.52 2.11411
1.48 0.52 2.15857
1.52 0.52 2.20397
1.56 0.52 2.25033
1.6 0.52 2.29766
1.64 0.52 2.34598
1.68 0.52 2.39532
1.72 0.52 2.44569
1.76 0.52 2.49713
1.8 0.52 2.54964
1.84 0.52 2.60326
1.88 0.52 2.658
1.92 0.52 2.71389
1.96 0.52 2.77096
2 0.52 2.82922

0 0.54 1
0.04 0.54 1.0218
0.08 0.54 1.04409
0.12 0.54 1.06685
0.16 0.54 1.09012
0.2 0.54 1.1139
0.24 0.54 1.13819
0.28 0.54 1.16302
0.32 0.54 1.18839
0.36 0.54 1.21432
0.4 0.54 1.24081
0.44 0.54 1.26789
0.48 0.54 1.29556
0.52 0.54 1.32383
0.56 0.54 1.35272
0.6 0.54 1.38225
0.64 0.54 1.41242
0.68 0.54 1.44326
0.72 0.54 1.47477
0.76 0.54 1.50697
0.8 0.54 1.53987
0.84 0.54 1.5735
0.88 0.54 1.60786
0.92 0.54 1.64297
0.96 0.54 1.67886
1 0.54 1.71552
1.04 0.54 1.753
1.08 0.54 1.79129
1.12 0.54 1.83042
1.16 0.54 1.8704
1.2 0.54 1.91126
1.24 0.54 1.95302
1.28 0.54 1.99569
1.32 0.54 2.03929
1.36 0.54 2.08384
1.4 0.54 2.12937
1.44 0.54 2.17589
1.48 0.54 2.22344
1.52 0.54 2.27201
1.56 0.54 2.32166
1.6 0.54 2.37238
1.64 0.54 2.42421
1.68 0.54 2.47718
1.72 0.54 2.5313
1.76 0.54 2.5866
1.8 0.54 2.64311
1.84 0.54 2.70085
1.88 0.54 2.75985
1.92 0.54 2.82014
1.96 0.54 2.88174
2 0.54 2.94468

0 0.56 1
0.04 0.56 1.02262
0.08 0.56 1.04576
0.12 0.56 1.06942
0.16 0.56 1.09362
0.2 0.56 1.11836
0.24 0.56 1.14367
0.28 0.56 1.16955
0.32 0.56 1.19603
0.36 0.56 1.2231
0.4 0.56 1.25078
0.44 0.56 1.2791
0.48 0.56 1.30806
0.52 0.56 1.33768
0.56 0.56 1.36797
0.6 0.56 1.39895
0.64 0.56 1.43063
0.68 0.56 1.46303
0.72 0.56 1.49617
0.76 0.56 1.53006
0.8 0.56 1.56472
0.84 0.56 1.60017
0.88 0.56 1.63642
0.92 0.56 1.6735
0.96 0.56 1.71142
1 0.56 1.75019
1.04 0.56 1.78985
1.08 0.56 1.83041
1.12 0.56 1.8719
1.16 0.56 1.91432
1.2 0.56 1.9577
1.24 0.56 2.00207
1.28 0.56 2.04745
1.32 0.56 2.09386
1.36 0.56 2.14132
1.4 0.56 2.18985
1.44 0.56 2.23949
1.48 0.56 2.29025
1.52 0.56 2.34216
1.56 0.56 2.39525
1.6 0.56 2.44954
1.64 0.56 2.50506
1.68 0.56 2.56184
1.72 0.56 2.6199
1.76 0.56 2.67928
1.8 0.56 2.74
1.84 0.56 2.8021
1.88 0.56 2.8656
1.92 0.56 2.93054
1.96 0.56 2.99695
2 0.56 3.06485

0 0.58 1
0.04 0.58 1.02344
0.08 0.58 1.04743
0.12 0.58 1.07199
0.16 0.58 1.09712
0.2 0.58 1.12285
0.24 0.58 1.14918
0.28 0.58 1.17613
0.32 0.58 1.20371
0.36 0.58 1.23194
0.4 0.58 1.26084
0.44 0.58 1.29041
0.48 0.58 1.32069
0.52 0.58 1.35167
0.56 0.58 1.38338
0.6 0.58 1.41585
0.64 0.58 1.44907
0.68 0.58 1.48308
0.72 0.58 1.51788
0.76 0.58 1.55351
0.8 0.58 1.58997
0.84 0.58 1.62729
0.88 0.58 1.66549
0.92 0.58 1.70459
0.96 0.58 1.74461
1 0.58 1.78557
1.04 0.58 1.82749
1.08 0.58 1.8704
1.12 0.58 1.91432
1.16 0.58 1.95927
1.2 0.58 2.00527
1.24 0.58 2.05236
1.28 0.58 2.10056
1.32 0.58 2.14989
1.36 0.58 2.20038
1.4 0.58 2.25205
1.44 0.58 2.30494
1.48 0.58 2.35907
1.52 0.58 2.41447
1.56 0.58 2.47117
1.6 0.58 2.5292
1.64 0.58 2.5886
1.68 0.58 2.64939
1.72 0.58 2.7116
1.76 0.58 2.77528
1.8 0.58 2.84044
1.84 0.58 2.90714
1.88 0.58 2.9754
1.92 0.58 3.04526
1.96 0.58 3.11676
2 0.58 3.18993

0 0.6 1
0.04 0.6 1.02426
0.08 0.6 1.04911
0.12 0.6 1.07457
0.16 0.6 1.10064
0.2 0.6 1.12735
0.24 0.6 1.15471
0.28 0.6 1.18274
0.32 0.6 1.21144
0.36 0.6 1.24085
0.4 0.6 1.27097
0.44 0.6 1.30183
0.48 0.6 1.33344
0.52 0.6 1.36581
0.56 0.6 1.39898
0.6 0.6 1.43295
0.64 0.6 1.46775
0.68 0.6 1.5034
0.72 0.6 1.53991
0.76 0.6 1.57732
0.8 0.6 1.61563
0.84 0.6 1.65488
0.88 0.6 1.69508
0.92 0.6 1.73626
0.96 0.6 1.77845
1 0.6 1.82166
1.04 0.6 1.86592
1.08 0.6 1.91126
1.12 0.6 1.9577
1.16 0.6 2.00527
1.2 0.6 2.054
1.24 0.6 2.10392
1.28 0.6 2.15505
1.32 0.6 2.20742
1.36 0.6 2.26106
1.4 0.6 2.31601
1.44 0.6 2.3723
1.48 0.6 2.42995
1.52 0.6 2.48901
1.56 0.6 2.5495
1.6 0.6 2.61146
1.64 0.6 2.67492
1.68 0.6 2.73993
1.72 0.6 2.80651
1.76 0.6 2.87471
1.8 0.6 2.94457
1.84 0.6 3.01612
1.88 0.6 3.08941
1.92 0.6 3.16448
1.96 0.6 3.24137
2 0.6 3.32012

0 0.62 1
0.04 0.62 1.02508
0.08 0.62 1.05079
0.12 0.62 1.07715
0.16 0.62 1.10417
0.2 0.62 1.13187
0.24 0.62 1.16027
0.28 0.62 1.18938
0.32 0.62 1.21923
0.36 0.62 1.24982
0.4 0.62 1.28119
0.44 0.62 1.31334
0.48 0.62 1.34631
0.52 0.62 1.3801
0.56 0.62 1.41475
0.6 0.62 1.45026
0.64 0.62 1.48667
0.68 0.62 1.524
0.72 0.62 1.56226
0.76 0.62 1.60149
0.8 0.62 1.64171
0.84 0.62 1.68293
0.88 0.62 1.7252
0.92 0.62 1.76852
0.96 0.62 1.81294
1 0.62 1.85848
1.04 0.62 1.90516
1.08 0.62 1.95301
1.12 0.62 2.00207
1.16 0.62 2.05236
1.2 0.62 2.10392
1.24 0.62 2.15677
1.28 0.62 2.21095
1.32 0.62 2.26649
1.36 0.62 2.32343
1.4 0.62 2.3818
1.44 0.62 2.44163
1.48 0.62 2.50297
1.52 0.62 2.56585
1.56 0.62 2.63031
1.6 0.62 2.69639
1.64 0.62 2.76413
1.68 0.62 2.83357
1.72 0.62 2.90475
1.76 0.62 2.97772
1.8 0.62 3.05251
1.84 0.62 3.12919
1.88 0.62 3.20779
1.92 0.62 3.28836
1.96 0.62 3.37095
2 0.62 3.45561

0 0.64 1
0.04 0.64 1.0259
0.08 0.64 1.05248
0.12 0.64 1.07974
0.16 0.64 1.10772
0.2 0.64 1.13641
0.24 0.64 1.16586
0.28 0.64 1.19607
0.32 0.64 1.22706
0.36 0.64 1.25886
0.4 0.64 1.29149
0.44 0.64 1.32496
0.48 0.64 1.35931
0.52 0.64 1.39454
0.56 0.64 1.43069
0.6 0.64 1.46778
0.64 0.64 1.50584
0.68 0.64 1.54488
0.72 0.64 1.58494
0.76 0.64 1.62604
0.8 0.64 1.6682
0.84 0.64 1.71146
0.88 0.64 1.75585
0.92 0.64 1.80139
0.96 0.64 1.84811
1 0.64 1.89604
1.04 0.64 1.94522
1.08 0.64 1.99568
1.12 0.64 2.04744
1.16 0.64 2.10055
1.2 0.64 2.15504
1.24 0.64 2.21095
1.28 0.64 2.2683
1.32 0.64 2.32714
1.36 0.64 2.38751
1.4 0.64 2.44945
1.44 0.64 2.51299
1.48 0.64 2.57819
1.52 0.64 2.64507
1.56 0.64 2.71369
1.6 0.64 2.78409
1.64 0.64 2.85631
1.68 0.64 2.9304
1.72 0.64 3.00642
1.76 0.64 3.08441
1.8 0.64 3.16442
1.84 0.64 3.2465
1.88 0.64 3.3307
1.92 0.64 3.41709
1.96 0.64 3.50572
2 0.64 3.59664

0 0.66 1
0.04 0.66 1.02672
0.08 0.66 1.05416
0.12 0.66 1.08234
0.16 0.66 1.11127
0.2 0.66 1.14097
0.24 0.66 1.17148
0.28 0.66 1.20279
0.32 0.66 1.23495
0.36 0.66 1.26797
0.4 0.66 1.30187
0.44 0.66 1.33669
0.48 0.66 1.37243
0.52 0.66 1.40914
0.56 0.66 1.44682
0.6 0.66 1.48552
0.64 0.66 1.52525
0.68 0.66 1.56605
0.72 0.66 1.60795
0.76 0.66 1.65096
0.8 0.66 1.69513
0.84 0.66 1.74048
0.88 0.66 1.78705
0.92 0.66 1.83486
0.96 0.66 1.88396
1 0.66 1.93437
1.04 0.66 1.98613
1.08 0.66 2.03928
1.12 0.66 2.09385
1.16 0.66 2.14988
1.2 0.66 2.20741
1.24 0.66 2.26649
1.28 0.66 2.32714
1.32 0.66 2.38942
1.36 0.66 2.45337
1.4 0.66 2.51903
1.44 0.66 2.58644
1.48 0.66 2.65566
1.52 0.66 2.72673
1.56 0.66 2.79971
1.6 0.66 2.87463
1.64 0.66 2.95156
1.68 0.66 3.03055
1.72 0.66 3.11165
1.76 0.66 3.19492
1.8 0.66 3.28042
1.84 0.66 3.3682
1.88 0.66 3.45833
1.92 0.66 3.55086
1.96 0.66 3.64587
2 0.66 3.74342

0 0.68 1
0.04 0.68 1.02755
0.08 0.68 1.05585
0.12 0.68 1.08494
0.16 0.68 1.11484
0.2 0.68 1.14555
0.24 0.68 1.17712
0.28 0.68 1.20956
0.32 0.68 1.24289
0.36 0.68 1.27714
0.4 0.68 1.31234
0.44 0.68 1.34851
0.48 0.68 1.38568
0.52 0.68 1.42388
0.56 0.68 1.46313
0.6 0.68 1.50347
0.64 0.68 1.54492
0.68 0.68 1.58752
0.72 0.68 1.63129
0.76 0.68 1.67627
0.8 0.68 1.72249
0.84 0.68 1.76999
0.88 0.68 1.8188
0.92 0.68 1.86896
0.96 0.68 1.9205
1 0.68 1.97347
1.04 0.68 2.0279
1.08 0.68 2.08383
1.12 0.68 2.1413
1.16 0.68 2.20036
1.2 0.68 2.26106
1.24 0.68 2.32342
1.28 0.68 2.38751
1.32 0.68 2.45336
1.36 0.68 2.52104
1.4 0.68 2.59058
1.44 0.68 2.66203
1.48 0.68 2.73546
1.52 0.68 2.81092
1.56 0.68 2.88845
1.6 0.68 2.96813
1.64 0.68 3.05
1.68 0.68 3.13412
1.72 0.68 3.22057
1.76 0.68 3.3094
1.8 0.68 3.40067
1.84 0.68 3.49447
1.88 0.68 3.59084
1.92 0.68 3.68987
1.96 0.68 3.79163
2 0.68 3.89619

0 0.7 1
0.04 0.7 1.02837
0.08 0.7 1.05755
0.12 0.7 1.08755
0.16 0.7 1.11841
0.2 0.7 1.15015
0.24 0.7 1.18279
0.28 0.7 1.21636
0.32 0.7 1.25088
0.36 0.7 1.28638
0.4 0.7 1.3229
0.44 0.7 1.36045
0.48 0.7 1.39907
0.52 0.7 1.43878
0.56 0.7 1.47963
0.6 0.7 1.52164
0.64 0.7 1.56484
0.68 0.7 1.60927
0.72 0.7 1.65497
0.76 0.7 1.70196
0.8 0.7 1.7503
0.84 0.7 1.8
0.88 0.7 1.85112
0.92 0.7 1.90369
0.96 0.7 1.95776
1 0.7 2.01336
1.04 0.7 2.07055
1.08 0.7 2.12935
1.12 0.7 2.18984
1.16 0.7 2.25204
1.2 0.7 2.316
1.24 0.7 2.38179
1.28 0.7 2.44944
1.32 0.7 2.51902
1.36 0.7 2.59057
1.4 0.7 2.66416
1.44 0.7 2.73984
1.48 0.7 2.81766
1.52 0.7 2.8977
1.56 0.7 2.98001
1.6 0.7 3.06466
1.64 0.7 3.15171
1.68 0.7 3.24123
1.72 0.7 3.3333
1.76 0.7 3.42797
1.8 0.7 3.52534
1.84 0.7 3.62546
1.88 0.7 3.72843
1.92 0.7 3.83432
1.96 0.7 3.94322
2 0.7 4.0552

0 0.72 1
0.04 0.72 1.02919
0.08 0.72 1.05924
0.12 0.72 1.09017
0.16 0.72 1.122
0.2 0.72 1.15477
0.24 0.72 1.18849
0.28 0.72 1.2232
0.32 0.72 1.25892
0.36 0.72 1.29569
0.4 0.72 1.33353
0.44 0.72 1.37249
0.48 0.72 1.41258
0.52 0.72 1.45384
0.56 0.72 1.49631
0.6 0.72 1.54003
0.64 0.72 1.58502
0.68 0.72 1.63133
0.72 0.72 1.679
0.76 0.72 1.72806
0.8 0.72 1.77855
0.84 0.72 1.83052
0.88 0.72 1.88401
0.92 0.72 1.93907
0.96 0.72 1.99574
1 0.72 2.05406
1.04 0.72 2.11409
1.08 0.72 2.17588
1.12 0.72 2.23947
1.16 0.72 2.30492
1.2 0.72 2.37229
1.24 0.72 2.44162
1.28 0.72 2.51298
1.32 0.72 2.58643
1.36 0.72 2.66203
1.4 0.72 2.73983
1.44 0.72 2.81991
1.48 0.72 2.90233
1.52 0.72 2.98716
1.56 0.72 3.07447
1.6 0.72 3.16433
1.64 0.72 3.25681
1.68 0.72 3.352
1.72 0.72 3.44997
1.76 0.72 3.5508
1.8 0.72 3.65457
1.84 0.72 3.76137
1.88 0.72 3.8713
1.92 0.72 3.98443
1.96 0.72 4.10086
2 0.72 4.2207

0 0.74 1
0.04 0.74 1.03002
0.08 0.74 1.06094
0.12 0.74 1.09279
0.16 0.74 1.12561
0.2 0.74 1.1594
0.24 0.74 1.19422
0.28 0.74 1.23008
0.32 0.74 1.26701
0.36 0.74 1.30506
0.4 0.74 1.34426
0.44 0.74 1.38463
0.48 0.74 1.42622
0.52 0.74 1.46906
0.56 0.74 1.51319
0.6 0.74 1.55864
0.64 0.74 1.60546
0.68 0.74 1.65369
0.72 0.74 1.70337
0.76 0.74 1.75455
0.8 0.74 1.80726
0.84 0.74 1.86156
0.88 0.74 1.91749
0.92 0.74 1.97511
0.96 0.74 2.03445
1 0.74 2.09558
1.04 0.74 2.15855
1.08 0.74 2.22341
1.12 0.74 2.29023
1.16 0.74 2.35905
1.2 0.74 2.42994
1.24 0.74 2.50296
1.28 0.74 2.57817
1.32 0.74 2.65565
1.36 0.74 2.73546
1.4 0.74 2.81766
1.44 0.74 2.90233
1.48 0.74 2.98955
1.52 0.74 3.07939
1.56 0.74 3.17193
1.6 0.74 3.26724
1.64 0.74 3.36543
1.68 0.74 3.46656
1.72 0.74 3.57072
1.76 0.74 3.67802
1.8 0.74 3.78854
1.84 0.74 3.90238
1.88 0.74 4.01963
1.92 0.74 4.14041
1.96 0.74 4.26481
2 0.74 4.39295

0 0.76 1
0.04 0.76 1.03085
0.08 0.76 1.06264
0.12 0.76 1.09543
0.16 0.76 1.12922
0.2 0.76 1.16406
0.24 0.76 1.19997
0.28 0.76 1.23699
0.32 0.76 1.27516
0.36 0.76 1.31451
0.4 0.76 1.35507
0.44 0.76 1.39689
0.48 0.76 1.44
0.52 0.76 1.48444
0.56 0.76 1.53025
0.6 0.76 1.57748
0.64 0.76 1.62617
0.68 0.76 1.67636
0.72 0.76 1.7281
0.76 0.76 1.78145
0.8 0.76 1.83644
0.84 0.76 1.89313
0.88 0.76 1.95157
0.92 0.76 2.01181
0.96 0.76 2.07392
1 0.76 2.13795
1.04 0.76 2.20395
1.08 0.76 2.27199
1.12 0.76 2.34214
1.16 0.76 2.41445
1.2 0.76 2.48899
1.24 0.76 2.56584
1.28 0.76 2.64505
1.32 0.76 2.72672
1.36 0.76 2.81091
1.4 0.76 2.89769
1.44 0.76 2.98716
1.48 0.76 3.07939
1.52 0.76 3.17446
1.56 0.76 3.27247
1.6 0.76 3.3735
1.64 0.76 3.47766
1.68 0.76 3.58503
1.72 0.76 3.69571
1.76 0.76 3.8098
1.8 0.76 3.92742
1.84 0.76 4.04867
1.88 0.76 4.17366
1.92 0.76 4.3025
1.96 0.76 4.43531
2 0.76 4.57223

0 0.78 1
0.04 0.78 1.03167
0.08 0.78 1.06435
0.12 0.78 1.09806
0.16 0.78 1.13284
0.2 0.78 1.16873
0.24 0.78 1.20575
0.28 0.78 1.24395
0.32 0.78 1.28336
0.36 0.78 1.32402
0.4 0.78 1.36597
0.44 0.78 1.40925
0.48 0.78 1.4539
0.52 0.78 1.49997
0.56 0.78 1.54751
0.6 0.78 1.59654
0.64 0.78 1.64714
0.68 0.78 1.69934
0.72 0.78 1.75319
0.76 0.78 1.80876
0.8 0.78 1.86608
0.84 0.78 1.92523
0.88 0.78 1.98625
0.92 0.78 2.0492
0.96 0.78 2.11415
1 0.78 2.18117
1.04 0.78 2.2503
1.08 0.78 2.32163
1.12 0.78 2.39522
1.16 0.78 2.47115
1.2 0.78 2.54948
1.24 0.78 2.63029
1.28 0.78 2.71367
1.32 0.78 2.79969
1.36 0.78 2.88844
1.4 0.78 2.98
1.44 0.78 3.07446
1.48 0.78 3.17192
1.52 0.78 3.27247
1.56 0.78 3.3762
1.6 0.78 3.48322
1.64 0.78 3.59363
1.68 0.78 3.70754
1.72 0.78 3.82506
1.76 0.78 3.94631
1.8 0.78 4.07139
1.84 0.78 4.20044
1.88 0.78 4.33358
1.92 0.78 4.47093
1.96 0.78 4.61263
2 0.78 4.75882

0 0.8 1
0.04 0.8 1.0325
0.08 0.8 1.06606
0.12 0.8 1.10071
0.16 0.8 1.13648
0.2 0.8 1.17342
0.24 0.8 1.21156
0.28 0.8 1.25095
0.32 0.8 1.29161
0.36 0.8 1.3336
0.4 0.8 1.37696
0.44 0.8 1.42172
0.48 0.8 1.46795
0.52 0.8 1.51568
0.56 0.8 1.56496
0.6 0.8 1.61584
0.64 0.8 1.66838
0.68 0.8 1.72263
0.72 0.8 1.77865
0.76 0.8 1.83649
0.8 0.8 1.89621
0.84 0.8 1.95787
0.88 0.8 2.02154
0.92 0.8 2.08729
0.96 0.8 2.15517
1 0.8 2.22526
1.04 0.8 2.29763
1.08 0.8 2.37235
1.12 0.8 2.44951
1.16 0.8 2.52918
1.2 0.8 2.61144
1.24 0.8 2.69637
1.28 0.8 2.78407
1.32 0.8 2.87461
1.36 0.8 2.96811
1.4 0.8 3.06464
1.44 0.8 3.16432
1.48 0.8 3.26724
1.52 0.8 3.3735
1.56 0.8 3.48322
1.6 0.8 3.5965
1.64 0.8 3.71347
1.68 0.8 3.83425
1.72 0.8 3.95895
1.76 0.8 4.0877
1.8 0.8 4.22064
1.84 0.8 4.3579
1.88 0.8 4.49963
1.92 0.8 4.64596
1.96 0.8 4.79704
2 0.8 4.95303

0 0.82 1
0.04 0.82 1.03333
0.08 0.82 1.06777
0.12 0.82 1.10336
0.16 0.82 1.14013
0.2 0.82 1.17813
0.24 0.82 1.2174
0.28 0.82 1.25798
0.32 0.82 1.29992
0.36 0.82 1.34325
0.4 0.82 1.38803
0.44 0.82 1.43431
0.48 0.82 1.48213
0.52 0.82 1.53154
0.56 0.82 1.5826
0.6 0.82 1.63537
0.64 0.82 1.6899
0.68 0.82 1.74625
0.72 0.82 1.80447
0.76 0.82 1.86464
0.8 0.82 1.92682
0.84 0.82 1.99107
0.88 0.82 2.05747
0.92 0.82 2.12608
0.96 0.82 2.19698
1 0.82 2.27024
1.04 0.82 2.34595
1.08 0.82 2.42419
1.12 0.82 2.50503
1.16 0.82 2.58857
1.2 0.82 2.6749
1.24 0.82 2.7641
1.28 0.82 2.85629
1.32 0.82 2.95154
1.36 0.82 3.04998
1.4 0.82 3.15169
1.44 0.82 3.2568
1.48 0.82 3.36541
1.52 0.82 3.47765
1.56 0.82 3.59363
1.6 0.82 3.71347
1.64 0.82 3.83731
1.68 0.82 3.96528
1.72 0.82 4.09752
1.76 0.82 4.23416
1.8 0.82 4.37536
1.84 0.82 4.52127
1.88 0.82 4.67204
1.92 0.82 4.82783
1.96 0.82 4.98882
2 0.82 5.15517

0 0.84 1
0.04 0.84 1.03416
0.08 0.84 1.06948
0.12 0.84 1.10601
0.16 0.84 1.14379
0.2 0.84 1.18286
0.24 0.84 1.22327
0.28 0.84 1.26506
0.32 0.84 1.30828
0.36 0.84 1.35298
0.4 0.84 1.3992
0.44 0.84 1.44701
0.48 0.84 1.49644
0.52 0.84 1.54757
0.56 0.84 1.60045
0.6 0.84 1.65514
0.64 0.84 1.71169
0.68 0.84 1.77018
0.72 0.84 1.83067
0.76 0.84 1.89323
0.8 0.84 1.95793
0.84 0.84 2.02483
0.88 0.84 2.09403
0.92 0.84 2.16559
0.96 0.84 2.2396
1 0.84 2.31614
1.04 0.84 2.39529
1.08 0.84 2.47715
1.12 0.84 2.56181
1.16 0.84 2.64936
1.2 0.84 2.7399
1.24 0.84 2.83354
1.28 0.84 2.93038
1.32 0.84 3.03053
1.36 0.84 3.1341
1.4 0.84 3.24121
1.44 0.84 3.35198
1.48 0.84 3.46654
1.52 0.84 3.58501
1.56 0.84 3.70753
1.6 0.84 3.83424
1.64 0.84 3.96528
1.68 0.84 4.10079
1.72 0.84 4.24094
1.76 0.84 4.38587
1.8 0.84 4.53575
1.84 0.84 4.69076
1.88 0.84 4.85106
1.92 0.84 5.01683
1.96 0.84 5.18827
2 0.84 5.36556

0 0.86 1
0.04 0.86 1.03499
0.08 0.86 1.0712
0.12 0.86 1.10867
0.16 0.86 1.14746
0.2 0.86 1.18761
0.24 0.86 1.22917
0.28 0.86 1.27218
0.32 0.86 1.31669
0.36 0.86 1.36277
0.4 0.86 1.41046
0.44 0.86 1.45981
0.48 0.86 1.5109
0.52 0.86 1.56378
0.56 0.86 1.6185
0.6 0.86 1.67514
0.64 0.86 1.73377
0.68 0.86 1.79445
0.72 0.86 1.85725
0.76 0.86 1.92226
0.8 0.86 1.98954
0.84 0.86 2.05917
0.88 0.86 2.13124
0.92 0.86 2.20584
0.96 0.86 2.28305
1 0.86 2.36296
1.04 0.86 2.44567
1.08 0.86 2.53127
1.12 0.86 2.61987
1.16 0.86 2.71157
1.2 0.86 2.80649
1.24 0.86 2.90472
1.28 0.86 3.0064
1.32 0.86 3.11163
1.36 0.86 3.22055
1.4 0.86 3.33327
1.44 0.86 3.44995
1.48 0.86 3.57071
1.52 0.86 3.69569
1.56 0.86 3.82505
1.6 0.86 3.95894
1.64 0.86 4.09751
1.68 0.86 4.24093
1.72 0.86 4.38938
1.76 0.86 4.54301
1.8 0.86 4.70202
1.84 0.86 4.8666
1.88 0.86 5.03693
1.92 0.86 5.21323
1.96 0.86 5.39569
2 0.86 5.58453

0 0.88 1
0.04 0.88 1.03582
0.08 0.88 1.07291
0.12 0.88 1.11134
0.16 0.88 1.15115
0.2 0.88 1.19238
0.24 0.88 1.23509
0.28 0.88 1.27933
0.32 0.88 1.32516
0.36 0.88 1.37263
0.4 0.88 1.4218
0.44 0.88 1.47274
0.48 0.88 1.5255
0.52 0.88 1.58015
0.56 0.88 1.63675
0.6 0.88 1.69539
0.64 0.88 1.75613
0.68 0.88 1.81905
0.72 0.88 1.88422
0.76 0.88 1.95173
0.8 0.88 2.02165
0.84 0.88 2.09409
0.88 0.88 2.16912
0.92 0.88 2.24683
0.96 0.88 2.32734
1 0.88 2.41072
1.04 0.88 2.4971
1.08 0.88 2.58657
1.12 0.88 2.67925
1.16 0.88 2.77525
1.2 0.88 2.87469
1.24 0.88 2.97769
1.28 0.88 3.08438
1.32 0.88 3.1949
1.36 0.88 3.30937
1.4 0.88 3.42795
1.44 0.88 3.55078
1.48 0.88 3.678
1.52 0.88 3.80979
1.56 0.88 3.94629
1.6 0.88 4.08769
1.64 0.88 4.23415
1.68 0.88 4.38586
1.72 0.88 4.54301
1.76 0.88 4.70578
1.8 0.88 4.87439
1.84 0.88 5.04903
1.88 0.88 5.22993
1.92 0.88 5.41731
1.96 0.88 5.6114
2 0.88 5.81244

0 0.9 1
0.04 0.9 1.03665
0.08 0.9 1.07464
0.12 0.9 1.11402
0.16 0.9 1.15485
0.2 0.9 1.19717
0.24 0.9 1.24105
0.28 0.9 1.28653
0.32 0.9 1.33368
0.36 0.9 1.38257
0.4 0.9 1.43324
0.44 0.9 1.48577
0.48 0.9 1.54023
0.52 0.9 1.59669
0.56 0.9 1.65521
0.6 0.9 1.71588
0.64 0.9 1.77878
0.68 0.9 1.84398
0.72 0.9 1.91158
0.76 0.9 1.98165
0.8 0.9 2.05429
0.84 0.9 2.1296
0.88 0.9 2.20766
0.92 0.9 2.28859
0.96 0.9 2.37248
1 0.9 2.45946
1.04 0.9 2.54962
1.08 0.9 2.64308
1.12 0.9 2.73997
1.16 0.9 2.84042
1.2 0.9 2.94454
1.24 0.9 3.05249
1.28 0.9 3.16439
1.32 0.9 3.28039
1.36 0.9 3.40065
1.4 0.9 3.52531
1.44 0.9 3.65455
1.48 0.9 3.78852
1.52 0.9 3.9274
1.56 0.9 4.07138
1.6 0.9 4.22063
1.64 0.9 4.37535
1.68 0.9 4.53575
1.72 0.9 4.70202
1.76 0.9 4.87439
1.8 0.9 5.05307
1.84 0.9 5.2383
1.88 0.9 5.43033
1.92 0.9 5.62938
1.96 0.9 5.83574
2 0.9 6.04965

0 0.92 1
0.04 0.92 1.03748
0.08 0.92 1.07636
0.12 0.92 1.1167
0.16 0.92 1.15856
0.2 0.92 1.20198
0.24 0.92 1.24703
0.28 0.92 1.29377
0.32 0.92 1.34226
0.36 0.92 1.39257
0.4 0.92 1.44477
0.44 0.92 1.49893
0.48 0.92 1.55511
0.52 0.92 1.6134
0.56 0.92 1.67388
0.6 0.92 1.73662
0.64 0.92 1.80172
0.68 0.92 1.86926
0.72 0.92 1.93933
0.76 0.92 2.01203
0.8 0.92 2.08745
0.84 0.92 2.16571
0.88 0.92 2.24689
0.92 0.92 2.33112
0.96 0.92 2.41851
1 0.92 2.50917
1.04 0.92 2.60324
1.08 0.92 2.70082
1.12 0.92 2.80207
1.16 0.92 2.90712
1.2 0.92 3.0161
1.24 0.92 3.12917
1.28 0.92 3.24647
1.32 0.92 3.36818
1.36 0.92 3.49444
1.4 0.92 3.62544
1.44 0.92 3.76135
1.48 0.92 3.90236
1.52 0.92 4.04865
1.56 0.92 4.20043
1.6 0.92 4.35789
1.64 0.92 4.52126
1.68 0.92 4.69075
1.72 0.92 4.86659
1.76 0.92 5.04903
1.8 0.92 5.2383
1.84 0.92 5.43467
1.88 0.92 5.6384
1.92 0.92 5.84976
1.96 0.92 6.06904
2 0.92 6.29654

0 0.94 1
0.04 0.94 1.03831
0.08 0.94 1.07809
0.12 0.94 1.11939
0.16 0.94 1.16228
0.2 0.94 1.20681
0.24 0.94 1.25304
0.28 0.94 1.30105
0.32 0.94 1.3509
0.36 0.94 1.40265
0.4 0.94 1.45639
0.44 0.94 1.51219
0.48 0.94 1.57013
0.52 0.94 1.63029
0.56 0.94 1.69276
0.6 0.94 1.75762
0.64 0.94 1.82496
0.68 0.94 1.89488
0.72 0.94 1.96749
0.76 0.94 2.04288
0.8 0.94 2.12115
0.84 0.94 2.20243
0.88 0.94 2.28682
0.92 0.94 2.37444
0.96 0.94 2.46542
1 0.94 2.55989
1.04 0.94 2.65798
1.08 0.94 2.75983
1.12 0.94 2.86558
1.16 0.94 2.97538
1.2 0.94 3.08939
1.24 0.94 3.20777
1.28 0.94 3.33068
1.32 0.94 3.45831
1.36 0.94 3.59082
1.4 0.94 3.72841
1.44 0.94 3.87128
1.48 0.94 4.01962
1.52 0.94 4.17364
1.56 0.94 4.33356
1.6 0.94 4.49961
1.64 0.94 4.67203
1.68 0.94 4.85105
1.72 0.94 5.03693
1.76 0.94 5.22993
1.8 0.94 5.43032
1.84 0.94 5.63839
1.88 0.94 5.85444
1.92 0.94 6.07876
1.96 0.94 6.31167
2 0.94 6.5535

0 0.96 1
0.04 0.96 1.03914
0.08 0.96 1.07982
0.12 0.96 1.12209
0.16 0.96 1.16601
0.2 0.96 1.21165
0.24 0.96 1.25908
0.28 0.96 1.30837
0.32 0.96 1.35958
0.36 0.96 1.4128
0.4 0.96 1.46811
0.44 0.96 1.52558
0.48 0.96 1.5853
0.52 0.96 1.64736
0.56 0.96 1.71185
0.6 0.96 1.77886
0.64 0.96 1.8485
0.68 0.96 1.92086
0.72 0.96 1.99605
0.76 0.96 2.07419
0.8 0.96 2.15539
0.84 0.96 2.23977
0.88 0.96 2.32745
0.92 0.96 2.41857
0.96 0.96 2.51325
1 0.96 2.61164
1.04 0.96 2.71388
1.08 0.96 2.82012
1.12 0.96 2.93052
1.16 0.96 3.04525
1.2 0.96 3.16446
1.24 0.96 3.28834
1.28 0.96 3.41708
1.32 0.96 3.55085
1.36 0.96 3.68986
1.4 0.96 3.83431
1.44 0.96 3.98441
1.48 0.96 4.1404
1.52 0.96 4.30248
1.56 0.96 4.47092
1.6 0.96 4.64594
1.64 0.96 4.82782
1.68 0.96 5.01682
1.72 0.96 5.21322
1.76 0.96 5.4173
1.8 0.96 5.62938
1.84 0.96 5.84975
1.88 0.96 6.07876
1.92 0.96 6.31672
1.96 0.96 6.564
2 0.96 6.82096

0 0.98 1
0.04 0.98 1.03998
0.08 0.98 1.08155
0.12 0.98 1.12479
0.16 0.98 1.16975
0.2 0.98 1.21652
0.24 0.98 1.26515
0.28 0.98 1.31573
0.32 0.98 1.36833
0.36 0.98 1.42303
0.4 0.98 1.47992
0.44 0.98 1.53908
0.48 0.98 1.60061
0.52 0.98 1.6646
0.56 0.98 1.73115
0.6 0.98 1.80036
0.64 0.98 1.87233
0.68 0.98 1.94719
0.72 0.98 2.02503
0.76 0.98 2.10599
0.8 0.98 2.19019
0.84 0.98 2.27775
0.88 0.98 2.36881
0.92 0.98 2.46351
0.96 0.98 2.562
1 0.98 2.66443
1.04 0.98 2.77095
1.08 0.98 2.88173
1.12 0.98 2.99694
1.16 0.98 3.11675
1.2 0.98 3.24136
1.24 0.98 3.37094
1.28 0.98 3.50571
1.32 0.98 3.64586
1.36 0.98 3.79162
1.4 0.98 3.94321
1.44 0.98 4.10085
1.48 0.98 4.2648
1.52 0.98 4.4353
1.56 0.98 4.61262
1.6 0.98 4.79703
1.64 0.98 4.98881
1.68 0.98 5.18826
1.72 0.98 5.39568
1.76 0.98 5.61139
1.8 0.98 5.83573
1.84 0.98 6.06904
1.88 0.98 6.31167
1.92 0.98 6.564
1.96 0.98 6.82642
2 0.98 7.09933

0 1 1
0.04 1 1.04081
0.08 1 1.08329
0.12 1 1.1275
0.16 1 1.17351
0.2 1 1.2214
0.24 1 1.27125
0.28 1 1.32313
0.32 1 1.37713
0.36 1 1.43333
0.4 1 1.49182
0.44 1 1.55271
0.48 1 1.61607
0.52 1 1.68203
0.56 1 1.75067
0.6 1 1.82212
0.64 1 1.89648
0.68 1 1.97388
0.72 1 2.05443
0.76 1 2.13828
0.8 1 2.22554
0.84 1 2.31637
0.88 1 2.4109
0.92 1 2.50929
0.96 1 2.6117
1 1 2.71828
1.04 1 2.82922
1.08 1 2.94468
1.12 1 3.06485
1.16 1 3.18993
1.2 1 3.32012
1.24 1 3.45561
1.28 1 3.59664
1.32 1 3.74342
1.36 1 3.89619
1.4 1 4.0552
1.44 1 4.2207
1.48 1 4.39295
1.52 1 4.57223
1.56 1 4.75882
1.6 1 4.95303
1.64 1 5.15517
1.68 1 5.36556
1.72 1 5.58453
1.76 1 5.81244
1.8 1 6.04965
1.84 1 6.29654
1.88 1 6.5535
1.92 1 6.82096
1.96 1 7.09933
2 1 7.38906

