0 0 0
0 0.0204082 0
0 0.0408163 0
0 0.0612245 0
0 0.0816327 0
0 0.102041 0
0 0.122449 0
0 0.142857 0
0 0.163265 0
0 0.183673 0
0 0.204082 0
0 0.22449 0
0 0.244898 0
0 0.265306 0
0 0.285714 0
0 0.306122 0
0 0.326531 0
0 0.346939 0
0 0.367347 0
0 0.387755 0
0 0.408163 0
0 0.428571 0
0 0.44898 0
0 0.469388 0
0 0.489796 0
0 0.510204 0
0 0.530612 0
0 0.55102 0
0 0.571429 0
0 0.591837 0
0 0.612245 0
0 0.632653 0
0 0.653061 0
0 0.673469 0
0 0.693878 0
0 0.714286 0
0 0.734694 0
0 0.755102 0
0 0.77551 0
0 0.795918 0
0 0.816327 0
0 0.836735 0
0 0.857143 0
0 0.877551 0
0 0.897959 0
0 0.918367 0
0 0.938776 0
0 0.959184 0
0 0.979592 0
0 1 0

0.0204082 0 0
0.0204082 0.0204082 3.29161e-15
0.0204082 0.0408163 1.39405e-14
0.0204082 0.0612245 2.43468e-14
0.0204082 0.0816327 8.02894e-14
0.0204082 0.102041 1.3144e-13
0.0204082 0.122449 3.82497e-13
0.0204082 0.142857 5.95084e-13
0.0204082 0.163265 1.54379e-12
0.0204082 0.183673 2.27871e-12
0.0204082 0.204082 5.30725e-12
0.0204082 0.22449 7.41604e-12
0.0204082 0.244898 1.5597e-11
0.0204082 0.265306 2.05818e-11
0.0204082 0.285714 3.9276e-11
0.0204082 0.306122 4.88111e-11
0.0204082 0.326531 8.48527e-11
0.0204082 0.346939 9.9016e-11
0.0204082 0.367347 1.57325e-10
0.0204082 0.387755 1.71825e-10
0.0204082 0.408163 2.50248e-10
0.0204082 0.428571 2.54944e-10
0.0204082 0.44898 3.41234e-10
0.0204082 0.469388 3.23185e-10
0.0204082 0.489796 3.98567e-10
0.0204082 0.510204 3.49803e-10
0.0204082 0.530612 3.98567e-10
0.0204082 0.55102 3.23185e-10
0.0204082 0.571429 3.41234e-10
0.0204082 0.591837 2.54944e-10
0.0204082 0.612245 2.50248e-10
0.0204082 0.632653 1.71825e-10
0.0204082 0.653061 1.57325e-10
0.0204082 0.673469 9.9016e-11
0.0204082 0.693878 8.48527e-11
0.0204082 0.714286 4.88111e-11
0.0204082 0.734694 3.9276e-11
0.0204082 0.755102 2.05818e-11
0.0204082 0.77551 1.5597e-11
0.0204082 0.795918 7.41604e-12
0.0204082 0.816327 5.30725e-12
0.0204082 0.836735 2.27871e-12
0.0204082 0.857143 1.54379e-12
0.0204082 0.877551 5.9508e-13
0.0204082 0.897959 3.82474e-13
0.0204082 0.918367 1.31395e-13
0.0204082 0.938776 8.006e-14
0.0204082 0.959184 2.39162e-14
0.0204082 0.979592 1.21018e-14
0.0204082 1 0

0.0408163 0 0
0.0408163 0.0204082 1.39405e-14
0.0408163 0.0408163 2.81234e-14
0.0408163 0.0612245 9.77757e-14
0.0408163 0.0816327 1.65371e-13
0.0408163 0.102041 5.00291e-13
0.0408163 0.122449 8.03465e-13
0.0408163 0.142857 2.16405e-12
0.0408163 0.163265 3.30137e-12
0.0408163 0.183673 7.97535e-12
0.0408163 0.204082 1.15342e-11
0.0408163 0.22449 2.51414e-11
0.0408163 0.244898 3.43904e-11
0.0408163 0.265306 6.79709e-11
0.0408163 0.285714 8.77111e-11
0.0408163 0.306122 1.57832e-10
0.0408163 0.326531 1.91584e-10
0.0408163 0.346939 3.1493e-10
0.0408163 0.367347 3.58461e-10
0.0408163 0.387755 5.3981e-10
0.0408163 0.408163 5.74222e-10
0.0408163 0.428571 7.94153e-10
0.0408163 0.44898 7.86806e-10
0.0408163 0.469388 1.00173e-09
0.0408163 0.489796 9.21281e-10
0.0408163 0.510204 1.08246e-09
0.0408163 0.530612 9.21281e-10
0.0408163 0.55102 1.00173e-09
0.0408163 0.571429 7.86806e-10
0.0408163 0.591837 7.94153e-10
0.0408163 0.612245 5.74222e-10
0.0408163 0.632653 5.3981e-10
0.0408163 0.653061 3.58461e-10
0.0408163 0.673469 3.1493e-10
0.0408163 0.693878 1.91584e-10
0.0408163 0.714286 1.57832e-10
0.0408163 0.734694 8.77111e-11
0.0408163 0.755102 6.79709e-11
0.0408163 0.77551 3.43904e-11
0.0408163 0.795918 2.51414e-11
0.0408163 0.816327 1.15342e-11
0.0408163 0.836735 7.97535e-12
0.0408163 0.857143 3.30137e-12
0.0408163 0.877551 2.16403e-12
0.0408163 0.897959 8.03422e-13
0.0408163 0.918367 5.00063e-13
0.0408163 0.938776 1.64929e-13
0.0408163 0.959184 9.58054e-14
0.0408163 0.979592 2.44912e-14
0.0408163 1 0

0.0612245 0 0
0.0612245 0.0204082 2.43468e-14
0.0612245 0.0408163 9.77757e-14
0.0612245 0.0612245 1.73262e-13
0.0612245 0.0816327 5.42918e-13
0.0612245 0.102041 9.0089e-13
0.0612245 0.122449 2.50741e-12
0.0612245 0.142857 3.95627e-12
0.0612245 0.163265 9.87153e-12
0.0612245 0.183673 1.47871e-11
0.0612245 0.204082 3.3279e-11
0.0612245 0.22449 4.72248e-11
0.0612245 0.244898 9.63439e-11
0.0612245 0.265306 1.292e-10
0.0612245 0.285714 2.39928e-10
0.0612245 0.306122 3.03221e-10
0.0612245 0.326531 5.14291e-10
0.0612245 0.346939 6.10659e-10
0.0612245 0.367347 9.48603e-10
0.0612245 0.387755 1.05473e-09
0.0612245 0.408163 1.50413e-09
0.0612245 0.428571 1.56064e-09
0.0612245 0.44898 2.04753e-09
0.0612245 0.469388 1.97564e-09
0.0612245 0.489796 2.38984e-09
0.0612245 0.510204 2.13747e-09
0.0612245 0.530612 2.38984e-09
0.0612245 0.55102 1.97564e-09
0.0612245 0.571429 2.04753e-09
0.0612245 0.591837 1.56064e-09
0.0612245 0.612245 1.50413e-09
0.0612245 0.632653 1.05473e-09
0.0612245 0.653061 9.48603e-10
0.0612245 0.673469 6.10659e-10
0.0612245 0.693878 5.14291e-10
0.0612245 0.714286 3.03221e-10
0.0612245 0.734694 2.39928e-10
0.0612245 0.755102 1.292e-10
0.0612245 0.77551 9.63439e-11
0.0612245 0.795918 4.72248e-11
0.0612245 0.816327 3.3279e-11
0.0612245 0.836735 1.47871e-11
0.0612245 0.857143 9.87152e-12
0.0612245 0.877551 3.95623e-12
0.0612245 0.897959 2.50722e-12
0.0612245 0.918367 9.00506e-13
0.0612245 0.938776 5.4114e-13
0.0612245 0.959184 1.69885e-13
0.0612245 0.979592 8.43379e-14
0.0612245 1 0

0.0816327 0 0
0.0816327 0.0204082 8.02894e-14
0.0816327 0.0408163 1.65371e-13
0.0816327 0.0612245 5.42918e-13
0.0816327 0.0816327 9.32151e-13
0.0816327 0.102041 2.6788e-12
0.0816327 0.122449 4.36903e-12
0.0816327 0.142857 1.12486e-11
0.0816327 0.163265 1.74414e-11
0.0816327 0.183673 4.04909e-11
0.0816327 0.204082 5.95697e-11
0.0816327 0.22449 1.2534e-10
0.0816327 0.244898 1.74561e-10
0.0816327 0.265306 3.34295e-10
0.0816327 0.285714 4.39578e-10
0.0816327 0.306122 7.68826e-10
0.0816327 0.326531 9.51699e-10
0.0816327 0.346939 1.52439e-09
0.0816327 0.367347 1.77056e-09
0.0816327 0.387755 2.60302e-09
0.0816327 0.408163 2.82691e-09
0.0816327 0.428571 3.82192e-09
0.0816327 0.44898 3.86702e-09
0.0816327 0.469388 4.8168e-09
0.0816327 0.489796 4.52499e-09
0.0816327 0.510204 5.20384e-09
0.0816327 0.530612 4.52499e-09
0.0816327 0.55102 4.8168e-09
0.0816327 0.571429 3.86702e-09
0.0816327 0.591837 3.82192e-09
0.0816327 0.612245 2.82691e-09
0.0816327 0.632653 2.60302e-09
0.0816327 0.653061 1.77056e-09
0.0816327 0.673469 1.52439e-09
0.0816327 0.693878 9.51699e-10
0.0816327 0.714286 7.68826e-10
0.0816327 0.734694 4.39578e-10
0.0816327 0.755102 3.34295e-10
0.0816327 0.77551 1.74561e-10
0.0816327 0.795918 1.2534e-10
0.0816327 0.816327 5.95697e-11
0.0816327 0.836735 4.04908e-11
0.0816327 0.857143 1.74414e-11
0.0816327 0.877551 1.12484e-11
0.0816327 0.897959 4.36872e-12
0.0816327 0.918367 2.67731e-12
0.0816327 0.938776 9.29241e-13
0.0816327 0.959184 5.30925e-13
0.0816327 0.979592 1.42975e-13
0.0816327 1 0

0.102041 0 0
0.102041 0.0204082 1.3144e-13
0.102041 0.0408163 5.00291e-13
0.102041 0.0612245 9.0089e-13
0.102041 0.0816327 2.6788e-12
0.102041 0.102041 4.51312e-12
0.102041 0.122449 1.19926e-11
0.102041 0.142857 1.92277e-11
0.102041 0.163265 4.6054e-11
0.102041 0.183673 7.01652e-11
0.102041 0.204082 1.52288e-10
0.102041 0.22449 2.20006e-10
0.102041 0.244898 4.3457e-10
0.102041 0.265306 5.93843e-10
0.102041 0.285714 1.07128e-09
0.102041 0.306122 1.38081e-09
0.102041 0.326531 2.28127e-09
0.102041 0.346939 2.76462e-09
0.102041 0.367347 4.19212e-09
0.102041 0.387755 4.75987e-09
0.102041 0.408163 6.63583e-09
0.102041 0.428571 7.03312e-09
0.102041 0.44898 9.0286e-09
0.102041 0.469388 8.89953e-09
0.102041 0.489796 1.05377e-08
0.102041 0.510204 9.62791e-09
0.102041 0.530612 1.05377e-08
0.102041 0.55102 8.89953e-09
0.102041 0.571429 9.0286e-09
0.102041 0.591837 7.03312e-09
0.102041 0.612245 6.63583e-09
0.102041 0.632653 4.75987e-09
0.102041 0.653061 4.19212e-09
0.102041 0.673469 2.76462e-09
0.102041 0.693878 2.28127e-09
0.102041 0.714286 1.38081e-09
0.102041 0.734694 1.07128e-09
0.102041 0.755102 5.93843e-10
0.102041 0.77551 4.3457e-10
0.102041 0.795918 2.20006e-10
0.102041 0.816327 1.52288e-10
0.102041 0.836735 7.01652e-11
0.102041 0.857143 4.60539e-11
0.102041 0.877551 1.92274e-11
0.102041 0.897959 1.19914e-11
0.102041 0.918367 4.51077e-12
0.102041 0.938776 2.66876e-12
0.102041 0.959184 8.81599e-13
0.102041 0.979592 4.28693e-13
0.102041 1 0

0.122449 0 0
0.122449 0.0204082 3.82497e-13
0.122449 0.0408163 8.03465e-13
0.122449 0.0612245 2.50741e-12
0.122449 0.0816327 4.36903e-12
0.122449 0.102041 1.19926e-11
0.122449 0.122449 1.98606e-11
0.122449 0.142857 4.91041e-11
0.122449 0.163265 7.73818e-11
0.122449 0.183673 1.73323e-10
0.122449 0.204082 2.59411e-10
0.122449 0.22449 5.28738e-10
0.122449 0.244898 7.49871e-10
0.122449 0.265306 1.39588e-09
0.122449 0.285714 1.8709e-09
0.122449 0.306122 3.18978e-09
0.122449 0.326531 4.02796e-09
0.122449 0.346939 6.30353e-09
0.122449 0.367347 7.47342e-09
0.122449 0.387755 1.07523e-08
0.122449 0.408163 1.19234e-08
0.122449 0.428571 1.57911e-08
0.122449 0.44898 1.63147e-08
0.122449 0.469388 1.99143e-08
0.122449 0.489796 1.90982e-08
0.122449 0.510204 2.1521e-08
0.122449 0.530612 1.90982e-08
0.122449 0.55102 1.99143e-08
0.122449 0.571429 1.63147e-08
0.122449 0.591837 1.57911e-08
0.122449 0.612245 1.19234e-08
0.122449 0.632653 1.07523e-08
0.122449 0.653061 7.47342e-09
0.122449 0.673469 6.30353e-09
0.122449 0.693878 4.02796e-09
0.122449 0.714286 3.18978e-09
0.122449 0.734694 1.8709e-09
0.122449 0.755102 1.39588e-09
0.122449 0.77551 7.49871e-10
0.122449 0.795918 5.28738e-10
0.122449 0.816327 2.59411e-10
0.122449 0.836735 1.73323e-10
0.122449 0.857143 7.73817e-11
0.122449 0.877551 4.91032e-11
0.122449 0.897959 1.98588e-11
0.122449 0.918367 1.19847e-11
0.122449 0.938776 4.35345e-12
0.122449 0.959184 2.44751e-12
0.122449 0.979592 6.902e-13
0.122449 1 0

0.142857 0 0
0.142857 0.0204082 5.95084e-13
0.142857 0.0408163 2.16405e-12
0.142857 0.0612245 3.95627e-12
0.142857 0.0816327 1.12486e-11
0.142857 0.102041 1.92277e-11
0.142857 0.122449 4.91041e-11
0.142857 0.142857 7.99463e-11
0.142857 0.163265 1.84893e-10
0.142857 0.183673 2.86334e-10
0.142857 0.204082 6.02505e-10
0.142857 0.22449 8.85663e-10
0.142857 0.244898 1.70201e-09
0.142857 0.265306 2.3689e-09
0.142857 0.285714 4.17006e-09
0.142857 0.306122 5.47947e-09
0.142857 0.326531 8.85524e-09
0.142857 0.346939 1.09481e-08
0.142857 0.367347 1.62683e-08
0.142857 0.387755 1.88525e-08
0.142857 0.408163 2.5785e-08
0.142857 0.428571 2.78933e-08
0.142857 0.44898 3.51441e-08
0.142857 0.469388 3.53447e-08
0.142857 0.489796 4.10671e-08
0.142857 0.510204 3.82595e-08
0.142857 0.530612 4.10671e-08
0.142857 0.55102 3.53447e-08
0.142857 0.571429 3.51441e-08
0.142857 0.591837 2.78933e-08
0.142857 0.612245 2.5785e-08
0.142857 0.632653 1.88525e-08
0.142857 0.653061 1.62683e-08
0.142857 0.673469 1.09481e-08
0.142857 0.693878 8.85524e-09
0.142857 0.714286 5.47947e-09
0.142857 0.734694 4.17006e-09
0.142857 0.755102 2.3689e-09
0.142857 0.77551 1.70201e-09
0.142857 0.795918 8.85663e-10
0.142857 0.816327 6.02505e-10
0.142857 0.836735 2.86334e-10
0.142857 0.857143 1.84893e-10
0.142857 0.877551 7.9945e-11
0.142857 0.897959 4.90983e-11
0.142857 0.918367 1.92159e-11
0.142857 0.938776 1.12016e-11
0.142857 0.959184 3.86478e-12
0.142857 0.979592 1.8439e-12
0.142857 1 0

0.163265 0 0
0.163265 0.0204082 1.54379e-12
0.163265 0.0408163 3.30137e-12
0.163265 0.0612245 9.87153e-12
0.163265 0.0816327 1.74414e-11
0.163265 0.102041 4.6054e-11
0.163265 0.122449 7.73818e-11
0.163265 0.142857 1.84893e-10
0.163265 0.163265 2.95911e-10
0.163265 0.183673 6.4314e-10
0.163265 0.204082 9.78611e-10
0.163265 0.22449 1.9424e-09
0.163265 0.244898 2.80361e-09
0.163265 0.265306 5.098e-09
0.163265 0.285714 6.96097e-09
0.163265 0.306122 1.16232e-08
0.163265 0.326531 1.49654e-08
0.163265 0.346939 2.29832e-08
0.163265 0.367347 2.77993e-08
0.163265 0.387755 3.93026e-08
0.163265 0.408163 4.44706e-08
0.163265 0.428571 5.79078e-08
0.163265 0.44898 6.10236e-08
0.163265 0.469388 7.32221e-08
0.163265 0.489796 7.15659e-08
0.163265 0.510204 7.92108e-08
0.163265 0.530612 7.15659e-08
0.163265 0.55102 7.32221e-08
0.163265 0.571429 6.10236e-08
0.163265 0.591837 5.79078e-08
0.163265 0.612245 4.44706e-08
0.163265 0.632653 3.93026e-08
0.163265 0.653061 2.77993e-08
0.163265 0.673469 2.29832e-08
0.163265 0.693878 1.49654e-08
0.163265 0.714286 1.16232e-08
0.163265 0.734694 6.96097e-09
0.163265 0.755102 5.098e-09
0.163265 0.77551 2.80361e-09
0.163265 0.795918 1.9424e-09
0.163265 0.816327 9.78611e-10
0.163265 0.836735 6.4314e-10
0.163265 0.857143 2.9591e-10
0.163265 0.877551 1.84889e-10
0.163265 0.897959 7.73735e-11
0.163265 0.918367 4.60194e-11
0.163265 0.938776 1.73721e-11
0.163265 0.959184 9.62022e-12
0.163265 0.979592 2.82064e-12
0.163265 1 0

0.183673 0 0
0.183673 0.0204082 2.27871e-12
0.183673 0.0408163 7.97535e-12
0.183673 0.0612245 1.47871e-11
0.183673 0.0816327 4.04909e-11
0.183673 0.102041 7.01652e-11
0.183673 0.122449 1.73323e-10
0.183673 0.142857 2.86334e-10
0.183673 0.163265 6.4314e-10
0.183673 0.183673 1.0117e-09
0.183673 0.204082 2.07501e-09
0.183673 0.22449 3.10173e-09
0.183673 0.244898 5.82856e-09
0.183673 0.265306 8.2585e-09
0.183673 0.285714 1.42545e-08
0.183673 0.306122 1.90871e-08
0.183673 0.326531 3.03131e-08
0.183673 0.346939 3.82201e-08
0.183673 0.367347 5.59012e-08
0.183673 0.387755 6.60881e-08
0.183673 0.408163 8.90426e-08
0.183673 0.428571 9.82436e-08
0.183673 0.44898 1.21926e-07
0.183673 0.469388 1.24954e-07
0.183673 0.489796 1.42875e-07
0.183673 0.510204 1.35452e-07
0.183673 0.530612 1.42875e-07
0.183673 0.55102 1.24954e-07
0.183673 0.571429 1.21926e-07
0.183673 0.591837 9.82436e-08
0.183673 0.612245 8.90426e-08
0.183673 0.632653 6.60881e-08
0.183673 0.653061 5.59012e-08
0.183673 0.673469 3.82201e-08
0.183673 0.693878 3.03131e-08
0.183673 0.714286 1.90871e-08
0.183673 0.734694 1.42545e-08
0.183673 0.755102 8.2585e-09
0.183673 0.77551 5.82856e-09
0.183673 0.795918 3.10173e-09
0.183673 0.816327 2.07501e-09
0.183673 0.836735 1.0117e-09
0.183673 0.857143 6.43137e-10
0.183673 0.877551 2.86328e-10
0.183673 0.897959 1.73299e-10
0.183673 0.918367 7.01161e-11
0.183673 0.938776 4.03059e-11
0.183673 0.959184 1.44233e-11
0.183673 0.979592 6.76366e-12
0.183673 1 0

0.204082 0 0
0.204082 0.0204082 5.30725e-12
0.204082 0.0408163 1.15342e-11
0.204082 0.0612245 3.3279e-11
0.204082 0.0816327 5.95697e-11
0.204082 0.102041 1.52288e-10
0.204082 0.122449 2.59411e-10
0.204082 0.142857 6.02505e-10
0.204082 0.163265 9.78611e-10
0.204082 0.183673 2.07501e-09
0.204082 0.204082 3.20798e-09
0.204082 0.22449 6.23218e-09
0.204082 0.244898 9.1504e-09
0.204082 0.265306 1.63326e-08
0.204082 0.285714 2.27116e-08
0.204082 0.306122 3.7317e-08
0.204082 0.326531 4.89798e-08
0.204082 0.346939 7.41595e-08
0.204082 0.367347 9.14974e-08
0.204082 0.387755 1.2768e-07
0.204082 0.408163 1.47368e-07
0.204082 0.428571 1.8944e-07
0.204082 0.44898 2.03481e-07
0.204082 0.469388 2.40817e-07
0.204082 0.489796 2.39528e-07
0.204082 0.510204 2.61034e-07
0.204082 0.530612 2.39528e-07
0.204082 0.55102 2.40817e-07
0.204082 0.571429 2.03481e-07
0.204082 0.591837 1.8944e-07
0.204082 0.612245 1.47368e-07
0.204082 0.632653 1.2768e-07
0.204082 0.653061 9.14974e-08
0.204082 0.673469 7.41595e-08
0.204082 0.693878 4.89798e-08
0.204082 0.714286 3.7317e-08
0.204082 0.734694 2.27116e-08
0.204082 0.755102 1.63326e-08
0.204082 0.77551 9.1504e-09
0.204082 0.795918 6.23218e-09
0.204082 0.816327 3.20798e-09
0.204082 0.836735 2.075e-09
0.204082 0.857143 9.78608e-10
0.204082 0.877551 6.02489e-10
0.204082 0.897959 2.59379e-10
0.204082 0.918367 1.5216e-10
0.204082 0.938776 5.9312e-11
0.204082 0.959184 3.23877e-11
0.204082 0.979592 9.81069e-12
0.204082 1 0

0.22449 0 0
0.22449 0.0204082 7.41604e-12
0.22449 0.0408163 2.51414e-11
0.22449 0.0612245 4.72248e-11
0.22449 0.0816327 1.2534e-10
0.22449 0.102041 2.20006e-10
0.22449 0.122449 5.28738e-10
0.22449 0.142857 8.85663e-10
0.22449 0.163265 1.9424e-09
0.22449 0.183673 3.10173e-09
0.22449 0.204082 6.23218e-09
0.22449 0.22449 9.46862e-09
0.22449 0.244898 1.74829e-08
0.22449 0.265306 2.521e-08
0.22449 0.285714 4.28695e-08
0.22449 0.306122 5.84894e-08
0.22449 0.326531 9.17173e-08
0.22449 0.346939 1.17941e-07
0.22449 0.367347 1.70587e-07
0.22449 0.387755 2.05765e-07
0.22449 0.408163 2.74322e-07
0.22449 0.428571 3.08666e-07
0.22449 0.44898 3.78811e-07
0.22449 0.469388 3.95304e-07
0.22449 0.489796 4.46141e-07
0.22449 0.510204 4.29631e-07
0.22449 0.530612 4.46141e-07
0.22449 0.55102 3.95304e-07
0.22449 0.571429 3.78811e-07
0.22449 0.591837 3.08666e-07
0.22449 0.612245 2.74322e-07
0.22449 0.632653 2.05765e-07
0.22449 0.653061 1.70587e-07
0.22449 0.673469 1.17941e-07
0.22449 0.693878 9.17173e-08
0.22449 0.714286 5.84894e-08
0.22449 0.734694 4.28695e-08
0.22449 0.755102 2.521e-08
0.22449 0.77551 1.74829e-08
0.22449 0.795918 9.46862e-09
0.22449 0.816327 6.23218e-09
0.22449 0.836735 3.10173e-09
0.22449 0.857143 1.94239e-09
0.22449 0.877551 8.85643e-10
0.22449 0.897959 5.28655e-10
0.22449 0.918367 2.19835e-10
0.22449 0.938776 1.24726e-10
0.22449 0.959184 4.60047e-11
0.22449 0.979592 2.12405e-11
0.22449 1 0

0.244898 0 0
0.244898 0.0204082 1.5597e-11
0.244898 0.0408163 3.43904e-11
0.244898 0.0612245 9.63439e-11
0.244898 0.0816327 1.74561e-10
0.244898 0.102041 4.3457e-10
0.244898 0.122449 7.49871e-10
0.244898 0.142857 1.70201e-09
0.244898 0.163265 2.80361e-09
0.244898 0.183673 5.82856e-09
0.244898 0.204082 9.1504e-09
0.244898 0.22449 1.74829e-08
0.244898 0.244898 2.61026e-08
0.244898 0.265306 4.59503e-08
0.244898 0.285714 6.50672e-08
0.244898 0.306122 1.05704e-07
0.244898 0.326531 1.4146e-07
0.244898 0.346939 2.12182e-07
0.244898 0.367347 2.67147e-07
0.244898 0.387755 3.69727e-07
0.244898 0.408163 4.3549e-07
0.244898 0.428571 5.55151e-07
0.244898 0.44898 6.07794e-07
0.244898 0.469388 7.12125e-07
0.244898 0.489796 7.20102e-07
0.244898 0.510204 7.74555e-07
0.244898 0.530612 7.20102e-07
0.244898 0.55102 7.12125e-07
0.244898 0.571429 6.07794e-07
0.244898 0.591837 5.55151e-07
0.244898 0.612245 4.3549e-07
0.244898 0.632653 3.69727e-07
0.244898 0.653061 2.67147e-07
0.244898 0.673469 2.12182e-07
0.244898 0.693878 1.4146e-07
0.244898 0.714286 1.05704e-07
0.244898 0.734694 6.50672e-08
0.244898 0.755102 4.59503e-08
0.244898 0.77551 2.61026e-08
0.244898 0.795918 1.74829e-08
0.244898 0.816327 9.1504e-09
0.244898 0.836735 5.82856e-09
0.244898 0.857143 2.8036e-09
0.244898 0.877551 1.70196e-09
0.244898 0.897959 7.49766e-10
0.244898 0.918367 4.34174e-10
0.244898 0.938776 1.73753e-10
0.244898 0.959184 9.36593e-11
0.244898 0.979592 2.91465e-11
0.244898 1 0

0.265306 0 0
0.265306 0.0204082 2.05818e-11
0.265306 0.0408163 6.79709e-11
0.265306 0.0612245 1.292e-10
0.265306 0.0816327 3.34295e-10
0.265306 0.102041 5.93843e-10
0.265306 0.122449 1.39588e-09
0.265306 0.142857 2.3689e-09
0.265306 0.163265 5.098e-09
0.265306 0.183673 8.2585e-09
0.265306 0.204082 1.63326e-08
0.265306 0.22449 2.521e-08
0.265306 0.244898 4.59503e-08
0.265306 0.265306 6.74216e-08
0.265306 0.285714 1.13487e-07
0.265306 0.306122 1.57799e-07
0.265306 0.326531 2.45519e-07
0.265306 0.346939 3.22182e-07
0.265306 0.367347 4.63172e-07
0.265306 0.387755 5.70508e-07
0.265306 0.408163 7.56424e-07
0.265306 0.428571 8.68656e-07
0.265306 0.44898 1.05903e-06
0.265306 0.469388 1.1253e-06
0.265306 0.489796 1.25773e-06
0.265306 0.510204 1.22839e-06
0.265306 0.530612 1.25773e-06
0.265306 0.55102 1.1253e-06
0.265306 0.571429 1.05903e-06
0.265306 0.591837 8.68656e-07
0.265306 0.612245 7.56424e-07
0.265306 0.632653 5.70508e-07
0.265306 0.653061 4.63172e-07
0.265306 0.673469 3.22182e-07
0.265306 0.693878 2.45519e-07
0.265306 0.714286 1.57799e-07
0.265306 0.734694 1.13487e-07
0.265306 0.755102 6.74216e-08
0.265306 0.77551 4.59503e-08
0.265306 0.795918 2.521e-08
0.265306 0.816327 1.63326e-08
0.265306 0.836735 8.2585e-09
0.265306 0.857143 5.09797e-09
0.265306 0.877551 2.36884e-09
0.265306 0.897959 1.39564e-09
0.265306 0.918367 5.93343e-10
0.265306 0.938776 3.32566e-10
0.265306 0.959184 1.25733e-10
0.265306 0.979592 5.72521e-11
0.265306 1 0

0.285714 0 0
0.285714 0.0204082 3.9276e-11
0.285714 0.0408163 8.77111e-11
0.285714 0.0612245 2.39928e-10
0.285714 0.0816327 4.39578e-10
0.285714 0.102041 1.07128e-09
0.285714 0.122449 1.8709e-09
0.285714 0.142857 4.17006e-09
0.285714 0.163265 6.96097e-09
0.285714 0.183673 1.42545e-08
0.285714 0.204082 2.27116e-08
0.285714 0.22449 4.28695e-08
0.285714 0.244898 6.50672e-08
0.285714 0.265306 1.13487e-07
0.285714 0.285714 1.63661e-07
0.285714 0.306122 2.64142e-07
0.285714 0.326531 3.60636e-07
0.285714 0.346939 5.3866e-07
0.285714 0.367347 6.92849e-07
0.285714 0.387755 9.56233e-07
0.285714 0.408163 1.15104e-06
0.285714 0.428571 1.46298e-06
0.285714 0.44898 1.63438e-06
0.285714 0.469388 1.90431e-06
0.285714 0.489796 1.95713e-06
0.285714 0.510204 2.08301e-06
0.285714 0.530612 1.95713e-06
0.285714 0.55102 1.90431e-06
0.285714 0.571429 1.63438e-06
0.285714 0.591837 1.46298e-06
0.285714 0.612245 1.15104e-06
0.285714 0.632653 9.56233e-07
0.285714 0.653061 6.92849e-07
0.285714 0.673469 5.3866e-07
0.285714 0.693878 3.60636e-07
0.285714 0.714286 2.64142e-07
0.285714 0.734694 1.63661e-07
0.285714 0.755102 1.13487e-07
0.285714 0.77551 6.50672e-08
0.285714 0.795918 4.28695e-08
0.285714 0.816327 2.27116e-08
0.285714 0.836735 1.42545e-08
0.285714 0.857143 6.96093e-09
0.285714 0.877551 4.16992e-09
0.285714 0.897959 1.87061e-09
0.285714 0.918367 1.07024e-09
0.285714 0.938776 4.37436e-10
0.285714 0.959184 2.33037e-10
0.285714 0.979592 7.41288e-11
0.285714 1 0

0.306122 0 0
0.306122 0.0204082 4.88111e-11
0.306122 0.0408163 1.57832e-10
0.306122 0.0612245 3.03221e-10
0.306122 0.0816327 7.68826e-10
0.306122 0.102041 1.38081e-09
0.306122 0.122449 3.18978e-09
0.306122 0.142857 5.47947e-09
0.306122 0.163265 1.16232e-08
0.306122 0.183673 1.90871e-08
0.306122 0.204082 3.7317e-08
0.306122 0.22449 5.84894e-08
0.306122 0.244898 1.05704e-07
0.306122 0.265306 1.57799e-07
0.306122 0.285714 2.64142e-07
0.306122 0.306122 3.74472e-07
0.306122 0.326531 5.81042e-07
0.306122 0.346939 7.78974e-07
0.306122 0.367347 1.11936e-06
0.306122 0.387755 1.41053e-06
0.306122 0.408163 1.87126e-06
0.306122 0.428571 2.19783e-06
0.306122 0.44898 2.67725e-06
0.306122 0.469388 2.90042e-06
0.306122 0.489796 3.22344e-06
0.306122 0.510204 3.18939e-06
0.306122 0.530612 3.22344e-06
0.306122 0.55102 2.90042e-06
0.306122 0.571429 2.67725e-06
0.306122 0.591837 2.19783e-06
0.306122 0.612245 1.87126e-06
0.306122 0.632653 1.41053e-06
0.306122 0.653061 1.11936e-06
0.306122 0.673469 7.78974e-07
0.306122 0.693878 5.81042e-07
0.306122 0.714286 3.74472e-07
0.306122 0.734694 2.64142e-07
0.306122 0.755102 1.57799e-07
0.306122 0.77551 1.05704e-07
0.306122 0.795918 5.84894e-08
0.306122 0.816327 3.73169e-08
0.306122 0.836735 1.9087e-08
0.306122 0.857143 1.16232e-08
0.306122 0.877551 5.47931e-09
0.306122 0.897959 3.1892e-09
0.306122 0.918367 1.37957e-09
0.306122 0.938776 7.64684e-10
0.306122 0.959184 2.94849e-10
0.306122 0.979592 1.32639e-10
0.306122 1 0

0.326531 0 0
0.326531 0.0204082 8.48527e-11
0.326531 0.0408163 1.91584e-10
0.326531 0.0612245 5.14291e-10
0.326531 0.0816327 9.51699e-10
0.326531 0.102041 2.28127e-09
0.326531 0.122449 4.02796e-09
0.326531 0.142857 8.85524e-09
0.326531 0.163265 1.49654e-08
0.326531 0.183673 3.03131e-08
0.326531 0.204082 4.89798e-08
0.326531 0.22449 9.17173e-08
0.326531 0.244898 1.4146e-07
0.326531 0.265306 2.45519e-07
0.326531 0.285714 3.60636e-07
0.326531 0.306122 5.81042e-07
0.326531 0.326531 8.10083e-07
0.326531 0.346939 1.21155e-06
0.326531 0.367347 1.59507e-06
0.326531 0.387755 2.2094e-06
0.326531 0.408163 2.72563e-06
0.326531 0.428571 3.47795e-06
0.326531 0.44898 3.97637e-06
0.326531 0.469388 4.63529e-06
0.326531 0.489796 4.84684e-06
0.326531 0.510204 5.11908e-06
0.326531 0.530612 4.84684e-06
0.326531 0.55102 4.63529e-06
0.326531 0.571429 3.97637e-06
0.326531 0.591837 3.47795e-06
0.326531 0.612245 2.72563e-06
0.326531 0.632653 2.2094e-06
0.326531 0.653061 1.59507e-06
0.326531 0.673469 1.21155e-06
0.326531 0.693878 8.10083e-07
0.326531 0.714286 5.81042e-07
0.326531 0.734694 3.60636e-07
0.326531 0.755102 2.45519e-07
0.326531 0.77551 1.4146e-07
0.326531 0.795918 9.17173e-08
0.326531 0.816327 4.89798e-08
0.326531 0.836735 3.03131e-08
0.326531 0.857143 1.49653e-08
0.326531 0.877551 8.85493e-09
0.326531 0.897959 4.02729e-09
0.326531 0.918367 2.27895e-09
0.326531 0.938776 9.46882e-10
0.326531 0.959184 4.99189e-10
0.326531 0.979592 1.61578e-10
0.326531 1 0

0.346939 0 0
0.346939 0.0204082 9.9016e-11
0.346939 0.0408163 3.1493e-10
0.346939 0.0612245 6.10659e-10
0.346939 0.0816327 1.52439e-09
0.346939 0.102041 2.76462e-09
0.346939 0.122449 6.30353e-09
0.346939 0.142857 1.09481e-08
0.346939 0.163265 2.29832e-08
0.346939 0.183673 3.82201e-08
0.346939 0.204082 7.41595e-08
0.346939 0.22449 1.17941e-07
0.346939 0.244898 2.12182e-07
0.346939 0.265306 3.22182e-07
0.346939 0.285714 5.3866e-07
0.346939 0.306122 7.78974e-07
0.346939 0.326531 1.21155e-06
0.346939 0.346939 1.66209e-06
0.346939 0.367347 2.4023e-06
0.346939 0.387755 3.10637e-06
0.346939 0.408163 4.15465e-06
0.346939 0.428571 5.01198e-06
0.346939 0.44898 6.14925e-06
0.346939 0.469388 6.81752e-06
0.346939 0.489796 7.57757e-06
0.346939 0.510204 7.59325e-06
0.346939 0.530612 7.57757e-06
0.346939 0.55102 6.81752e-06
0.346939 0.571429 6.14925e-06
0.346939 0.591837 5.01198e-06
0.346939 0.612245 4.15465e-06
0.346939 0.632653 3.10637e-06
0.346939 0.653061 2.4023e-06
0.346939 0.673469 1.66209e-06
0.346939 0.693878 1.21155e-06
0.346939 0.714286 7.78974e-07
0.346939 0.734694 5.3866e-07
0.346939 0.755102 3.22182e-07
0.346939 0.77551 2.12182e-07
0.346939 0.795918 1.17941e-07
0.346939 0.816327 7.41595e-08
0.346939 0.836735 3.82201e-08
0.346939 0.857143 2.29831e-08
0.346939 0.877551 1.09478e-08
0.346939 0.897959 6.30232e-09
0.346939 0.918367 2.76204e-09
0.346939 0.938776 1.51593e-09
0.346939 0.959184 5.93449e-10
0.346939 0.979592 2.64224e-10
0.346939 1 0

0.367347 0 0
0.367347 0.0204082 1.57325e-10
0.367347 0.0408163 3.58461e-10
0.367347 0.0612245 9.48603e-10
0.367347 0.0816327 1.77056e-09
0.367347 0.102041 4.19212e-09
0.367347 0.122449 7.47342e-09
0.367347 0.142857 1.62683e-08
0.367347 0.163265 2.77993e-08
0.367347 0.183673 5.59012e-08
0.367347 0.204082 9.14974e-08
0.367347 0.22449 1.70587e-07
0.367347 0.244898 2.67147e-07
0.367347 0.265306 4.63172e-07
0.367347 0.285714 6.92849e-07
0.367347 0.306122 1.11936e-06
0.367347 0.326531 1.59507e-06
0.367347 0.346939 2.4023e-06
0.367347 0.367347 3.24568e-06
0.367347 0.387755 4.54586e-06
0.367347 0.408163 5.77461e-06
0.367347 0.428571 7.46716e-06
0.367347 0.44898 8.79114e-06
0.367347 0.469388 1.03486e-05
0.367347 0.489796 1.10527e-05
0.367347 0.510204 1.16293e-05
0.367347 0.530612 1.10527e-05
0.367347 0.55102 1.03486e-05
0.367347 0.571429 8.79114e-06
0.367347 0.591837 7.46716e-06
0.367347 0.612245 5.77461e-06
0.367347 0.632653 4.54586e-06
0.367347 0.653061 3.24568e-06
0.367347 0.673469 2.4023e-06
0.367347 0.693878 1.59507e-06
0.367347 0.714286 1.11936e-06
0.367347 0.734694 6.92849e-07
0.367347 0.755102 4.63172e-07
0.367347 0.77551 2.67147e-07
0.367347 0.795918 1.70587e-07
0.367347 0.816327 9.14974e-08
0.367347 0.836735 5.59012e-08
0.367347 0.857143 2.77991e-08
0.367347 0.877551 1.62677e-08
0.367347 0.897959 7.47213e-09
0.367347 0.918367 4.1877e-09
0.367347 0.938776 1.76136e-09
0.367347 0.959184 9.20315e-10
0.367347 0.979592 3.01869e-10
0.367347 1 0

0.387755 0 0
0.387755 0.0204082 1.71825e-10
0.387755 0.0408163 5.3981e-10
0.387755 0.0612245 1.05473e-09
0.387755 0.0816327 2.60302e-09
0.387755 0.102041 4.75987e-09
0.387755 0.122449 1.07523e-08
0.387755 0.142857 1.88525e-08
0.387755 0.163265 3.93026e-08
0.387755 0.183673 6.60881e-08
0.387755 0.204082 1.2768e-07
0.387755 0.22449 2.05765e-07
0.387755 0.244898 3.69727e-07
0.387755 0.265306 5.70508e-07
0.387755 0.285714 9.56233e-07
0.387755 0.306122 1.41053e-06
0.387755 0.326531 2.2094e-06
0.387755 0.346939 3.10637e-06
0.387755 0.367347 4.54586e-06
0.387755 0.387755 6.05679e-06
0.387755 0.408163 8.24447e-06
0.387755 0.428571 1.02909e-05
0.387755 0.44898 1.28725e-05
0.387755 0.469388 1.47329e-05
0.387755 0.489796 1.65429e-05
0.387755 0.510204 1.68187e-05
0.387755 0.530612 1.65429e-05
0.387755 0.55102 1.47329e-05
0.387755 0.571429 1.28725e-05
0.387755 0.591837 1.02909e-05
0.387755 0.612245 8.24447e-06
0.387755 0.632653 6.05679e-06
0.387755 0.653061 4.54586e-06
0.387755 0.673469 3.10637e-06
0.387755 0.693878 2.2094e-06
0.387755 0.714286 1.41053e-06
0.387755 0.734694 9.56233e-07
0.387755 0.755102 5.70508e-07
0.387755 0.77551 3.69727e-07
0.387755 0.795918 2.05765e-07
0.387755 0.816327 1.2768e-07
0.387755 0.836735 6.6088e-08
0.387755 0.857143 3.93023e-08
0.387755 0.877551 1.88519e-08
0.387755 0.897959 1.07502e-08
0.387755 0.918367 4.75529e-09
0.387755 0.938776 2.5883e-09
0.387755 0.959184 1.02459e-09
0.387755 0.979592 4.52387e-10
0.387755 1 0

0.408163 0 0
0.408163 0.0204082 2.50248e-10
0.408163 0.0408163 5.74222e-10
0.408163 0.0612245 1.50413e-09
0.408163 0.0816327 2.82691e-09
0.408163 0.102041 6.63583e-09
0.408163 0.122449 1.19234e-08
0.408163 0.142857 2.5785e-08
0.408163 0.163265 4.44706e-08
0.408163 0.183673 8.90426e-08
0.408163 0.204082 1.47368e-07
0.408163 0.22449 2.74322e-07
0.408163 0.244898 4.3549e-07
0.408163 0.265306 7.56424e-07
0.408163 0.285714 1.15104e-06
0.408163 0.306122 1.87126e-06
0.408163 0.326531 2.72563e-06
0.408163 0.346939 4.15465e-06
0.408163 0.367347 5.77461e-06
0.408163 0.387755 8.24447e-06
0.408163 0.408163 1.08556e-05
0.408163 0.428571 1.44093e-05
0.408163 0.44898 1.76752e-05
0.408163 0.469388 2.13598e-05
0.408163 0.489796 2.35674e-05
0.408163 0.510204 2.48878e-05
0.408163 0.530612 2.35674e-05
0.408163 0.55102 2.13598e-05
0.408163 0.571429 1.76752e-05
0.408163 0.591837 1.44093e-05
0.408163 0.612245 1.08556e-05
0.408163 0.632653 8.24447e-06
0.408163 0.653061 5.77461e-06
0.408163 0.673469 4.15465e-06
0.408163 0.693878 2.72563e-06
0.408163 0.714286 1.87126e-06
0.408163 0.734694 1.15104e-06
0.408163 0.755102 7.56424e-07
0.408163 0.77551 4.3549e-07
0.408163 0.795918 2.74322e-07
0.408163 0.816327 1.47368e-07
0.408163 0.836735 8.90425e-08
0.408163 0.857143 4.44703e-08
0.408163 0.877551 2.5784e-08
0.408163 0.897959 1.19213e-08
0.408163 0.918367 6.62869e-09
0.408163 0.938776 2.81196e-09
0.408163 0.959184 1.45882e-09
0.408163 0.979592 4.83091e-10
0.408163 1 0

0.428571 0 0
0.428571 0.0204082 2.54944e-10
0.428571 0.0408163 7.94153e-10
0.428571 0.0612245 1.56064e-09
0.428571 0.0816327 3.82192e-09
0.428571 0.102041 7.03312e-09
0.428571 0.122449 1.57911e-08
0.428571 0.142857 2.78933e-08
0.428571 0.163265 5.79078e-08
0.428571 0.183673 9.82436e-08
0.428571 0.204082 1.8944e-07
0.428571 0.22449 3.08666e-07
0.428571 0.244898 5.55151e-07
0.428571 0.265306 8.68656e-07
0.428571 0.285714 1.46298e-06
0.428571 0.306122 2.19783e-06
0.428571 0.326531 3.47795e-06
0.428571 0.346939 5.01198e-06
0.428571 0.367347 7.46716e-06
0.428571 0.387755 1.02909e-05
0.428571 0.408163 1.44093e-05
0.428571 0.428571 1.88154e-05
0.428571 0.44898 2.44567e-05
0.428571 0.469388 2.94636e-05
0.428571 0.489796 3.41829e-05
0.428571 0.510204 3.55975e-05
0.428571 0.530612 3.41829e-05
0.428571 0.55102 2.94636e-05
0.428571 0.571429 2.44567e-05
0.428571 0.591837 1.88154e-05
0.428571 0.612245 1.44093e-05
0.428571 0.632653 1.02909e-05
0.428571 0.653061 7.46716e-06
0.428571 0.673469 5.01198e-06
0.428571 0.693878 3.47795e-06
0.428571 0.714286 2.19783e-06
0.428571 0.734694 1.46298e-06
0.428571 0.755102 8.68656e-07
0.428571 0.77551 5.55151e-07
0.428571 0.795918 3.08666e-07
0.428571 0.816327 1.8944e-07
0.428571 0.836735 9.82435e-08
0.428571 0.857143 5.79073e-08
0.428571 0.877551 2.78924e-08
0.428571 0.897959 1.57879e-08
0.428571 0.918367 7.02622e-09
0.428571 0.938776 3.80004e-09
0.428571 0.959184 1.51564e-09
0.428571 0.979592 6.6507e-10
0.428571 1 0

0.44898 0 0
0.44898 0.0204082 3.41234e-10
0.44898 0.0408163 7.86806e-10
0.44898 0.0612245 2.04753e-09
0.44898 0.0816327 3.86702e-09
0.44898 0.102041 9.0286e-09
0.44898 0.122449 1.63147e-08
0.44898 0.142857 3.51441e-08
0.44898 0.163265 6.10236e-08
0.44898 0.183673 1.21926e-07
0.44898 0.204082 2.03481e-07
0.44898 0.22449 3.78811e-07
0.44898 0.244898 6.07794e-07
0.44898 0.265306 1.05903e-06
0.44898 0.285714 1.63438e-06
0.44898 0.306122 2.67725e-06
0.44898 0.326531 3.97637e-06
0.44898 0.346939 6.14925e-06
0.44898 0.367347 8.79114e-06
0.44898 0.387755 1.28725e-05
0.44898 0.408163 1.76752e-05
0.44898 0.428571 2.44567e-05
0.44898 0.44898 3.18727e-05
0.44898 0.469388 4.08121e-05
0.44898 0.489796 4.8103e-05
0.44898 0.510204 5.22761e-05
0.44898 0.530612 4.8103e-05
0.44898 0.55102 4.08121e-05
0.44898 0.571429 3.18727e-05
0.44898 0.591837 2.44567e-05
0.44898 0.612245 1.76752e-05
0.44898 0.632653 1.28725e-05
0.44898 0.653061 8.79114e-06
0.44898 0.673469 6.14925e-06
0.44898 0.693878 3.97637e-06
0.44898 0.714286 2.67725e-06
0.44898 0.734694 1.63438e-06
0.44898 0.755102 1.05903e-06
0.44898 0.77551 6.07794e-07
0.44898 0.795918 3.78811e-07
0.44898 0.816327 2.03481e-07
0.44898 0.836735 1.21925e-07
0.44898 0.857143 6.10232e-08
0.44898 0.877551 3.51427e-08
0.44898 0.897959 1.63118e-08
0.44898 0.918367 9.01877e-09
0.44898 0.938776 3.84635e-09
0.44898 0.959184 1.98549e-09
0.44898 0.979592 6.61551e-10
0.44898 1 0

0.469388 0 0
0.469388 0.0204082 3.23185e-10
0.469388 0.0408163 1.00173e-09
0.469388 0.0612245 1.97564e-09
0.469388 0.0816327 4.8168e-09
0.469388 0.102041 8.89953e-09
0.469388 0.122449 1.99143e-08
0.469388 0.142857 3.53447e-08
0.469388 0.163265 7.32221e-08
0.469388 0.183673 1.24954e-07
0.469388 0.204082 2.40817e-07
0.469388 0.22449 3.95304e-07
0.469388 0.244898 7.12125e-07
0.469388 0.265306 1.1253e-06
0.469388 0.285714 1.90431e-06
0.469388 0.306122 2.90042e-06
0.469388 0.326531 4.63529e-06
0.469388 0.346939 6.81752e-06
0.469388 0.367347 1.03486e-05
0.469388 0.387755 1.47329e-05
0.469388 0.408163 2.13598e-05
0.469388 0.428571 2.94636e-05
0.469388 0.44898 4.08121e-05
0.469388 0.469388 5.3809e-05
0.469388 0.489796 6.85749e-05
0.469388 0.510204 7.73009e-05
0.469388 0.530612 6.85749e-05
0.469388 0.55102 5.3809e-05
0.469388 0.571429 4.08121e-05
0.469388 0.591837 2.94636e-05
0.469388 0.612245 2.13598e-05
0.469388 0.632653 1.47329e-05
0.469388 0.653061 1.03486e-05
0.469388 0.673469 6.81752e-06
0.469388 0.693878 4.63529e-06
0.469388 0.714286 2.90042e-06
0.469388 0.734694 1.90431e-06
0.469388 0.755102 1.1253e-06
0.469388 0.77551 7.12125e-07
0.469388 0.795918 3.95304e-07
0.469388 0.816327 2.40817e-07
0.469388 0.836735 1.24954e-07
0.469388 0.857143 7.32216e-08
0.469388 0.877551 3.53435e-08
0.469388 0.897959 1.99102e-08
0.469388 0.918367 8.89072e-09
0.469388 0.938776 4.78904e-09
0.469388 0.959184 1.9184e-09
0.469388 0.979592 8.3859e-10
0.469388 1 0

0.489796 0 0
0.489796 0.0204082 3.98567e-10
0.489796 0.0408163 9.21281e-10
0.489796 0.0612245 2.38984e-09
0.489796 0.0816327 4.52499e-09
0.489796 0.102041 1.05377e-08
0.489796 0.122449 1.90982e-08
0.489796 0.142857 4.10671e-08
0.489796 0.163265 7.15659e-08
0.489796 0.183673 1.42875e-07
0.489796 0.204082 2.39528e-07
0.489796 0.22449 4.46141e-07
0.489796 0.244898 7.20102e-07
0.489796 0.265306 1.25773e-06
0.489796 0.285714 1.95713e-06
0.489796 0.306122 3.22344e-06
0.489796 0.326531 4.84684e-06
0.489796 0.346939 7.57757e-06
0.489796 0.367347 1.10527e-05
0.489796 0.387755 1.65429e-05
0.489796 0.408163 2.35674e-05
0.489796 0.428571 3.41829e-05
0.489796 0.44898 4.8103e-05
0.489796 0.469388 6.85749e-05
0.489796 0.489796 9.50869e-05
0.489796 0.510204 0.000123534
0.489796 0.530612 9.50869e-05
0.489796 0.55102 6.85749e-05
0.489796 0.571429 4.8103e-05
0.489796 0.591837 3.41829e-05
0.489796 0.612245 2.35674e-05
0.489796 0.632653 1.65429e-05
0.489796 0.653061 1.10527e-05
0.489796 0.673469 7.57757e-06
0.489796 0.693878 4.84684e-06
0.489796 0.714286 3.22344e-06
0.489796 0.734694 1.95713e-06
0.489796 0.755102 1.25773e-06
0.489796 0.77551 7.20102e-07
0.489796 0.795918 4.46141e-07
0.489796 0.816327 2.39527e-07
0.489796 0.836735 1.42875e-07
0.489796 0.857143 7.15654e-08
0.489796 0.877551 4.10655e-08
0.489796 0.897959 1.90947e-08
0.489796 0.918367 1.05261e-08
0.489796 0.938776 4.50069e-09
0.489796 0.959184 2.31724e-09
0.489796 0.979592 7.74411e-10
0.489796 1 0

0.510204 0 0
0.510204 0.0204082 3.49803e-10
0.510204 0.0408163 1.08246e-09
0.510204 0.0612245 2.13747e-09
0.510204 0.0816327 5.20384e-09
0.510204 0.102041 9.62791e-09
0.510204 0.122449 2.1521e-08
0.510204 0.142857 3.82595e-08
0.510204 0.163265 7.92108e-08
0.510204 0.183673 1.35452e-07
0.510204 0.204082 2.61034e-07
0.510204 0.22449 4.29631e-07
0.510204 0.244898 7.74555e-07
0.510204 0.265306 1.22839e-06
0.510204 0.285714 2.08301e-06
0.510204 0.306122 3.18939e-06
0.510204 0.326531 5.11908e-06
0.510204 0.346939 7.59325e-06
0.510204 0.367347 1.16293e-05
0.510204 0.387755 1.68187e-05
0.510204 0.408163 2.48878e-05
0.510204 0.428571 3.55975e-05
0.510204 0.44898 5.22761e-05
0.510204 0.469388 7.73009e-05
0.510204 0.489796 0.000123534
0.510204 0.510204 0.00022666
0.510204 0.530612 0.000123534
0.510204 0.55102 7.73009e-05
0.510204 0.571429 5.22761e-05
0.510204 0.591837 3.55975e-05
0.510204 0.612245 2.48878e-05
0.510204 0.632653 1.68187e-05
0.510204 0.653061 1.16293e-05
0.510204 0.673469 7.59325e-06
0.510204 0.693878 5.11908e-06
0.510204 0.714286 3.18939e-06
0.510204 0.734694 2.08301e-06
0.510204 0.755102 1.22839e-06
0.510204 0.77551 7.74555e-07
0.510204 0.795918 4.29631e-07
0.510204 0.816327 2.61034e-07
0.510204 0.836735 1.35452e-07
0.510204 0.857143 7.92102e-08
0.510204 0.877551 3.82582e-08
0.510204 0.897959 2.15165e-08
0.510204 0.918367 9.61834e-09
0.510204 0.938776 5.17379e-09
0.510204 0.959184 2.07545e-09
0.510204 0.979592 9.06068e-10
0.510204 1 0

0.530612 0 0
0.530612 0.0204082 3.98567e-10
0.530612 0.0408163 9.21281e-10
0.530612 0.0612245 2.38984e-09
0.530612 0.0816327 4.52499e-09
0.530612 0.102041 1.05377e-08
0.530612 0.122449 1.90982e-08
0.530612 0.142857 4.10671e-08
0.530612 0.163265 7.15659e-08
0.530612 0.183673 1.42875e-07
0.530612 0.204082 2.39528e-07
0.530612 0.22449 4.46141e-07
0.530612 0.244898 7.20102e-07
0.530612 0.265306 1.25773e-06
0.530612 0.285714 1.95713e-06
0.530612 0.306122 3.22344e-06
0.530612 0.326531 4.84684e-06
0.530612 0.346939 7.57757e-06
0.530612 0.367347 1.10527e-05
0.530612 0.387755 1.65429e-05
0.530612 0.408163 2.35674e-05
0.530612 0.428571 3.41829e-05
0.530612 0.44898 4.8103e-05
0.530612 0.469388 6.85749e-05
0.530612 0.489796 9.50869e-05
0.530612 0.510204 0.000123534
0.530612 0.530612 9.50869e-05
0.530612 0.55102 6.85749e-05
0.530612 0.571429 4.8103e-05
0.530612 0.591837 3.41829e-05
0.530612 0.612245 2.35674e-05
0.530612 0.632653 1.65429e-05
0.530612 0.653061 1.10527e-05
0.530612 0.673469 7.57757e-06
0.530612 0.693878 4.84684e-06
0.530612 0.714286 3.22344e-06
0.530612 0.734694 1.95713e-06
0.530612 0.755102 1.25773e-06
0.530612 0.77551 7.20102e-07
0.530612 0.795918 4.46141e-07
0.530612 0.816327 2.39527e-07
0.530612 0.836735 1.42875e-07
0.530612 0.857143 7.15654e-08
0.530612 0.877551 4.10655e-08
0.530612 0.897959 1.90947e-08
0.530612 0.918367 1.05261e-08
0.530612 0.938776 4.50069e-09
0.530612 0.959184 2.31724e-09
0.530612 0.979592 7.74411e-10
0.530612 1 0

0.55102 0 0
0.55102 0.0204082 3.23185e-10
0.55102 0.0408163 1.00173e-09
0.55102 0.0612245 1.97564e-09
0.55102 0.0816327 4.8168e-09
0.55102 0.102041 8.89953e-09
0.55102 0.122449 1.99143e-08
0.55102 0.142857 3.53447e-08
0.55102 0.163265 7.32221e-08
0.55102 0.183673 1.24954e-07
0.55102 0.204082 2.40817e-07
0.55102 0.22449 3.95304e-07
0.55102 0.244898 7.12125e-07
0.55102 0.265306 1.1253e-06
0.55102 0.285714 1.90431e-06
0.55102 0.306122 2.90042e-06
0.55102 0.326531 4.63529e-06
0.55102 0.346939 6.81752e-06
0.55102 0.367347 1.03486e-05
0.55102 0.387755 1.47329e-05
0.55102 0.408163 2.13598e-05
0.55102 0.428571 2.94636e-05
0.55102 0.44898 4.08121e-05
0.55102 0.469388 5.3809e-05
0.55102 0.489796 6.85749e-05
0.55102 0.510204 7.73009e-05
0.55102 0.530612 6.85749e-05
0.55102 0.55102 5.3809e-05
0.55102 0.571429 4.08121e-05
0.55102 0.591837 2.94636e-05
0.55102 0.612245 2.13598e-05
0.55102 0.632653 1.47329e-05
0.55102 0.653061 1.03486e-05
0.55102 0.673469 6.81752e-06
0.55102 0.693878 4.63529e-06
0.55102 0.714286 2.90042e-06
0.55102 0.734694 1.90431e-06
0.55102 0.755102 1.1253e-06
0.55102 0.77551 7.12125e-07
0.55102 0.795918 3.95304e-07
0.55102 0.816327 2.40817e-07
0.55102 0.836735 1.24954e-07
0.55102 0.857143 7.32216e-08
0.55102 0.877551 3.53435e-08
0.55102 0.897959 1.99102e-08
0.55102 0.918367 8.89072e-09
0.55102 0.938776 4.78904e-09
0.55102 0.959184 1.9184e-09
0.55102 0.979592 8.3859e-10
0.55102 1 0

0.571429 0 0
0.571429 0.0204082 3.41234e-10
0.571429 0.0408163 7.86806e-10
0.571429 0.0612245 2.04753e-09
0.571429 0.0816327 3.86702e-09
0.571429 0.102041 9.0286e-09
0.571429 0.122449 1.63147e-08
0.571429 0.142857 3.51441e-08
0.571429 0.163265 6.10236e-08
0.571429 0.183673 1.21926e-07
0.571429 0.204082 2.03481e-07
0.571429 0.22449 3.78811e-07
0.571429 0.244898 6.07794e-07
0.571429 0.265306 1.05903e-06
0.571429 0.285714 1.63438e-06
0.571429 0.306122 2.67725e-06
0.571429 0.326531 3.97637e-06
0.571429 0.346939 6.14925e-06
0.571429 0.367347 8.79114e-06
0.571429 0.387755 1.28725e-05
0.571429 0.408163 1.76752e-05
0.571429 0.428571 2.44567e-05
0.571429 0.44898 3.18727e-05
0.571429 0.469388 4.08121e-05
0.571429 0.489796 4.8103e-05
0.571429 0.510204 5.22761e-05
0.571429 0.530612 4.8103e-05
0.571429 0.55102 4.08121e-05
0.571429 0.571429 3.18727e-05
0.571429 0.591837 2.44567e-05
0.571429 0.612245 1.76752e-05
0.571429 0.632653 1.28725e-05
0.571429 0.653061 8.79114e-06
0.571429 0.673469 6.14925e-06
0.571429 0.693878 3.97637e-06
0.571429 0.714286 2.67725e-06
0.571429 0.734694 1.63438e-06
0.571429 0.755102 1.05903e-06
0.571429 0.77551 6.07794e-07
0.571429 0.795918 3.78811e-07
0.571429 0.816327 2.03481e-07
0.571429 0.836735 1.21925e-07
0.571429 0.857143 6.10232e-08
0.571429 0.877551 3.51427e-08
0.571429 0.897959 1.63118e-08
0.571429 0.918367 9.01877e-09
0.571429 0.938776 3.84635e-09
0.571429 0.959184 1.98549e-09
0.571429 0.979592 6.61551e-10
0.571429 1 0

0.591837 0 0
0.591837 0.0204082 2.54944e-10
0.591837 0.0408163 7.94153e-10
0.591837 0.0612245 1.56064e-09
0.591837 0.0816327 3.82192e-09
0.591837 0.102041 7.03312e-09
0.591837 0.122449 1.57911e-08
0.591837 0.142857 2.78933e-08
0.591837 0.163265 5.79078e-08
0.591837 0.183673 9.82436e-08
0.591837 0.204082 1.8944e-07
0.591837 0.22449 3.08666e-07
0.591837 0.244898 5.55151e-07
0.591837 0.265306 8.68656e-07
0.591837 0.285714 1.46298e-06
0.591837 0.306122 2.19783e-06
0.591837 0.326531 3.47795e-06
0.591837 0.346939 5.01198e-06
0.591837 0.367347 7.46716e-06
0.591837 0.387755 1.02909e-05
0.591837 0.408163 1.44093e-05
0.591837 0.428571 1.88154e-05
0.591837 0.44898 2.44567e-05
0.591837 0.469388 2.94636e-05
0.591837 0.489796 3.41829e-05
0.591837 0.510204 3.55975e-05
0.591837 0.530612 3.41829e-05
0.591837 0.55102 2.94636e-05
0.591837 0.571429 2.44567e-05
0.591837 0.591837 1.88154e-05
0.591837 0.612245 1.44093e-05
0.591837 0.632653 1.02909e-05
0.591837 0.653061 7.46716e-06
0.591837 0.673469 5.01198e-06
0.591837 0.693878 3.47795e-06
0.591837 0.714286 2.19783e-06
0.591837 0.734694 1.46298e-06
0.591837 0.755102 8.68656e-07
0.591837 0.77551 5.55151e-07
0.591837 0.795918 3.08666e-07
0.591837 0.816327 1.8944e-07
0.591837 0.836735 9.82435e-08
0.591837 0.857143 5.79073e-08
0.591837 0.877551 2.78924e-08
0.591837 0.897959 1.57879e-08
0.591837 0.918367 7.02622e-09
0.591837 0.938776 3.80004e-09
0.591837 0.959184 1.51564e-09
0.591837 0.979592 6.6507e-10
0.591837 1 0

0.612245 0 0
0.612245 0.0204082 2.50248e-10
0.612245 0.0408163 5.74222e-10
0.612245 0.0612245 1.50413e-09
0.612245 0.0816327 2.82691e-09
0.612245 0.102041 6.63583e-09
0.612245 0.122449 1.19234e-08
0.612245 0.142857 2.5785e-08
0.612245 0.163265 4.44706e-08
0.612245 0.183673 8.90426e-08
0.612245 0.204082 1.47368e-07
0.612245 0.22449 2.74322e-07
0.612245 0.244898 4.3549e-07
0.612245 0.265306 7.56424e-07
0.612245 0.285714 1.15104e-06
0.612245 0.306122 1.87126e-06
0.612245 0.326531 2.72563e-06
0.612245 0.346939 4.15465e-06
0.612245 0.367347 5.77461e-06
0.612245 0.387755 8.24447e-06
0.612245 0.408163 1.08556e-05
0.612245 0.428571 1.44093e-05
0.612245 0.44898 1.76752e-05
0.612245 0.469388 2.13598e-05
0.612245 0.489796 2.35674e-05
0.612245 0.510204 2.48878e-05
0.612245 0.530612 2.35674e-05
0.612245 0.55102 2.13598e-05
0.612245 0.571429 1.76752e-05
0.612245 0.591837 1.44093e-05
0.612245 0.612245 1.08556e-05
0.612245 0.632653 8.24447e-06
0.612245 0.653061 5.77461e-06
0.612245 0.673469 4.15465e-06
0.612245 0.693878 2.72563e-06
0.612245 0.714286 1.87126e-06
0.612245 0.734694 1.15104e-06
0.612245 0.755102 7.56424e-07
0.612245 0.77551 4.3549e-07
0.612245 0.795918 2.74322e-07
0.612245 0.816327 1.47368e-07
0.612245 0.836735 8.90425e-08
0.612245 0.857143 4.44703e-08
0.612245 0.877551 2.5784e-08
0.612245 0.897959 1.19213e-08
0.612245 0.918367 6.62869e-09
0.612245 0.938776 2.81196e-09
0.612245 0.959184 1.45882e-09
0.612245 0.979592 4.83091e-10
0.612245 1 0

0.632653 0 0
0.632653 0.0204082 1.71825e-10
0.632653 0.0408163 5.3981e-10
0.632653 0.0612245 1.05473e-09
0.632653 0.0816327 2.60302e-09
0.632653 0.102041 4.75987e-09
0.632653 0.122449 1.07523e-08
0.632653 0.142857 1.88525e-08
0.632653 0.163265 3.93026e-08
0.632653 0.183673 6.60881e-08
0.632653 0.204082 1.2768e-07
0.632653 0.22449 2.05765e-07
0.632653 0.244898 3.69727e-07
0.632653 0.265306 5.70508e-07
0.632653 0.285714 9.56233e-07
0.632653 0.306122 1.41053e-06
0.632653 0.326531 2.2094e-06
0.632653 0.346939 3.10637e-06
0.632653 0.367347 4.54586e-06
0.632653 0.387755 6.05679e-06
0.632653 0.408163 8.24447e-06
0.632653 0.428571 1.02909e-05
0.632653 0.44898 1.28725e-05
0.632653 0.469388 1.47329e-05
0.632653 0.489796 1.65429e-05
0.632653 0.510204 1.68187e-05
0.632653 0.530612 1.65429e-05
0.632653 0.55102 1.47329e-05
0.632653 0.571429 1.28725e-05
0.632653 0.591837 1.02909e-05
0.632653 0.612245 8.24447e-06
0.632653 0.632653 6.05679e-06
0.632653 0.653061 4.54586e-06
0.632653 0.673469 3.10637e-06
0.632653 0.693878 2.2094e-06
0.632653 0.714286 1.41053e-06
0.632653 0.734694 9.56233e-07
0.632653 0.755102 5.70508e-07
0.632653 0.77551 3.69727e-07
0.632653 0.795918 2.05765e-07
0.632653 0.816327 1.2768e-07
0.632653 0.836735 6.6088e-08
0.632653 0.857143 3.93023e-08
0.632653 0.877551 1.88519e-08
0.632653 0.897959 1.07502e-08
0.632653 0.918367 4.75529e-09
0.632653 0.938776 2.5883e-09
0.632653 0.959184 1.02459e-09
0.632653 0.979592 4.52387e-10
0.632653 1 0

0.653061 0 0
0.653061 0.0204082 1.57325e-10
0.653061 0.0408163 3.58461e-10
0.653061 0.0612245 9.48603e-10
0.653061 0.0816327 1.77056e-09
0.653061 0.102041 4.19212e-09
0.653061 0.122449 7.47342e-09
0.653061 0.142857 1.62683e-08
0.653061 0.163265 2.77993e-08
0.653061 0.183673 5.59012e-08
0.653061 0.204082 9.14974e-08
0.653061 0.22449 1.70587e-07
0.653061 0.244898 2.67147e-07
0.653061 0.265306 4.63172e-07
0.653061 0.285714 6.92849e-07
0.653061 0.306122 1.11936e-06
0.653061 0.326531 1.59507e-06
0.653061 0.346939 2.4023e-06
0.653061 0.367347 3.24568e-06
0.653061 0.387755 4.54586e-06
0.653061 0.408163 5.77461e-06
0.653061 0.428571 7.46716e-06
0.653061 0.44898 8.79114e-06
0.653061 0.469388 1.03486e-05
0.653061 0.489796 1.10527e-05
0.653061 0.510204 1.16293e-05
0.653061 0.530612 1.10527e-05
0.653061 0.55102 1.03486e-05
0.653061 0.571429 8.79114e-06
0.653061 0.591837 7.46716e-06
0.653061 0.612245 5.77461e-06
0.653061 0.632653 4.54586e-06
0.653061 0.653061 3.24568e-06
0.653061 0.673469 2.4023e-06
0.653061 0.693878 1.59507e-06
0.653061 0.714286 1.11936e-06
0.653061 0.734694 6.92849e-07
0.653061 0.755102 4.63172e-07
0.653061 0.77551 2.67147e-07
0.653061 0.795918 1.70587e-07
0.653061 0.816327 9.14974e-08
0.653061 0.836735 5.59012e-08
0.653061 0.857143 2.77991e-08
0.653061 0.877551 1.62677e-08
0.653061 0.897959 7.47213e-09
0.653061 0.918367 4.1877e-09
0.653061 0.938776 1.76136e-09
0.653061 0.959184 9.20315e-10
0.653061 0.979592 3.01869e-10
0.653061 1 0

0.673469 0 0
0.673469 0.0204082 9.9016e-11
0.673469 0.0408163 3.1493e-10
0.673469 0.0612245 6.10659e-10
0.673469 0.0816327 1.52439e-09
0.673469 0.102041 2.76462e-09
0.673469 0.122449 6.30353e-09
0.673469 0.142857 1.09481e-08
0.673469 0.163265 2.29832e-08
0.673469 0.183673 3.82201e-08
0.673469 0.204082 7.41595e-08
0.673469 0.22449 1.17941e-07
0.673469 0.244898 2.12182e-07
0.673469 0.265306 3.22182e-07
0.673469 0.285714 5.3866e-07
0.673469 0.306122 7.78974e-07
0.673469 0.326531 1.21155e-06
0.673469 0.346939 1.66209e-06
0.673469 0.367347 2.4023e-06
0.673469 0.387755 3.10637e-06
0.673469 0.408163 4.15465e-06
0.673469 0.428571 5.01198e-06
0.673469 0.44898 6.14925e-06
0.673469 0.469388 6.81752e-06
0.673469 0.489796 7.57757e-06
0.673469 0.510204 7.59325e-06
0.673469 0.530612 7.57757e-06
0.673469 0.55102 6.81752e-06
0.673469 0.571429 6.14925e-06
0.673469 0.591837 5.01198e-06
0.673469 0.612245 4.15465e-06
0.673469 0.632653 3.10637e-06
0.673469 0.653061 2.4023e-06
0.673469 0.673469 1.66209e-06
0.673469 0.693878 1.21155e-06
0.673469 0.714286 7.78974e-07
0.673469 0.734694 5.3866e-07
0.673469 0.755102 3.22182e-07
0.673469 0.77551 2.12182e-07
0.673469 0.795918 1.17941e-07
0.673469 0.816327 7.41595e-08
0.673469 0.836735 3.82201e-08
0.673469 0.857143 2.29831e-08
0.673469 0.877551 1.09478e-08
0.673469 0.897959 6.30232e-09
0.673469 0.918367 2.76204e-09
0.673469 0.938776 1.51593e-09
0.673469 0.959184 5.93449e-10
0.673469 0.979592 2.64224e-10
0.673469 1 0

0.693878 0 0
0.693878 0.0204082 8.48527e-11
0.693878 0.0408163 1.91584e-10
0.693878 0.0612245 5.14291e-10
0.693878 0.0816327 9.51699e-10
0.693878 0.102041 2.28127e-09
0.693878 0.122449 4.02796e-09
0.693878 0.142857 8.85524e-09
0.693878 0.163265 1.49654e-08
0.693878 0.183673 3.03131e-08
0.693878 0.204082 4.89798e-08
0.693878 0.22449 9.17173e-08
0.693878 0.244898 1.4146e-07
0.693878 0.265306 2.45519e-07
0.693878 0.285714 3.60636e-07
0.693878 0.306122 5.81042e-07
0.693878 0.326531 8.10083e-07
0.693878 0.346939 1.21155e-06
0.693878 0.367347 1.59507e-06
0.693878 0.387755 2.2094e-06
0.693878 0.408163 2.72563e-06
0.693878 0.428571 3.47795e-06
0.693878 0.44898 3.97637e-06
0.693878 0.469388 4.63529e-06
0.693878 0.489796 4.84684e-06
0.693878 0.510204 5.11908e-06
0.693878 0.530612 4.84684e-06
0.693878 0.55102 4.63529e-06
0.693878 0.571429 3.97637e-06
0.693878 0.591837 3.47795e-06
0.693878 0.612245 2.72563e-06
0.693878 0.632653 2.2094e-06
0.693878 0.653061 1.59507e-06
0.693878 0.673469 1.21155e-06
0.693878 0.693878 8.10083e-07
0.693878 0.714286 5.81042e-07
0.693878 0.734694 3.60636e-07
0.693878 0.755102 2.45519e-07
0.693878 0.77551 1.4146e-07
0.693878 0.795918 9.17173e-08
0.693878 0.816327 4.89798e-08
0.693878 0.836735 3.03131e-08
0.693878 0.857143 1.49653e-08
0.693878 0.877551 8.85493e-09
0.693878 0.897959 4.02729e-09
0.693878 0.918367 2.27895e-09
0.693878 0.938776 9.46882e-10
0.693878 0.959184 4.99189e-10
0.693878 0.979592 1.61578e-10
0.693878 1 0

0.714286 0 0
0.714286 0.0204082 4.88111e-11
0.714286 0.0408163 1.57832e-10
0.714286 0.0612245 3.03221e-10
0.714286 0.0816327 7.68826e-10
0.714286 0.102041 1.38081e-09
0.714286 0.122449 3.18978e-09
0.714286 0.142857 5.47947e-09
0.714286 0.163265 1.16232e-08
0.714286 0.183673 1.90871e-08
0.714286 0.204082 3.7317e-08
0.714286 0.22449 5.84894e-08
0.714286 0.244898 1.05704e-07
0.714286 0.265306 1.57799e-07
0.714286 0.285714 2.64142e-07
0.714286 0.306122 3.74472e-07
0.714286 0.326531 5.81042e-07
0.714286 0.346939 7.78974e-07
0.714286 0.367347 1.11936e-06
0.714286 0.387755 1.41053e-06
0.714286 0.408163 1.87126e-06
0.714286 0.428571 2.19783e-06
0.714286 0.44898 2.67725e-06
0.714286 0.469388 2.90042e-06
0.714286 0.489796 3.22344e-06
0.714286 0.510204 3.18939e-06
0.714286 0.530612 3.22344e-06
0.714286 0.55102 2.90042e-06
0.714286 0.571429 2.67725e-06
0.714286 0.591837 2.19783e-06
0.714286 0.612245 1.87126e-06
0.714286 0.632653 1.41053e-06
0.714286 0.653061 1.11936e-06
0.714286 0.673469 7.78974e-07
0.714286 0.693878 5.81042e-07
0.714286 0.714286 3.74472e-07
0.714286 0.734694 2.64142e-07
0.714286 0.755102 1.57799e-07
0.714286 0.77551 1.05704e-07
0.714286 0.795918 5.84894e-08
0.714286 0.816327 3.73169e-08
0.714286 0.836735 1.9087e-08
0.714286 0.857143 1.16232e-08
0.714286 0.877551 5.47931e-09
0.714286 0.897959 3.1892e-09
0.714286 0.918367 1.37957e-09
0.714286 0.938776 7.64684e-10
0.714286 0.959184 2.94849e-10
0.714286 0.979592 1.32639e-10
0.714286 1 0

0.734694 0 0
0.734694 0.0204082 3.9276e-11
0.734694 0.0408163 8.77111e-11
0.734694 0.0612245 2.39928e-10
0.734694 0.0816327 4.39578e-10
0.734694 0.102041 1.07128e-09
0.734694 0.122449 1.8709e-09
0.734694 0.142857 4.17006e-09
0.734694 0.163265 6.96097e-09
0.734694 0.183673 1.42545e-08
0.734694 0.204082 2.27116e-08
0.734694 0.22449 4.28695e-08
0.734694 0.244898 6.50672e-08
0.734694 0.265306 1.13487e-07
0.734694 0.285714 1.63661e-07
0.734694 0.306122 2.64142e-07
0.734694 0.326531 3.60636e-07
0.734694 0.346939 5.3866e-07
0.734694 0.367347 6.92849e-07
0.734694 0.387755 9.56233e-07
0.734694 0.408163 1.15104e-06
0.734694 0.428571 1.46298e-06
0.734694 0.44898 1.63438e-06
0.734694 0.469388 1.90431e-06
0.734694 0.489796 1.95713e-06
0.734694 0.510204 2.08301e-06
0.734694 0.530612 1.95713e-06
0.734694 0.55102 1.90431e-06
0.734694 0.571429 1.63438e-06
0.734694 0.591837 1.46298e-06
0.734694 0.612245 1.15104e-06
0.734694 0.632653 9.56233e-07
0.734694 0.653061 6.92849e-07
0.734694 0.673469 5.3866e-07
0.734694 0.693878 3.60636e-07
0.734694 0.714286 2.64142e-07
0.734694 0.734694 1.63661e-07
0.734694 0.755102 1.13487e-07
0.734694 0.77551 6.50672e-08
0.734694 0.795918 4.28695e-08
0.734694 0.816327 2.27116e-08
0.734694 0.836735 1.42545e-08
0.734694 0.857143 6.96093e-09
0.734694 0.877551 4.16992e-09
0.734694 0.897959 1.87061e-09
0.734694 0.918367 1.07024e-09
0.734694 0.938776 4.37436e-10
0.734694 0.959184 2.33037e-10
0.734694 0.979592 7.41288e-11
0.734694 1 0

0.755102 0 0
0.755102 0.0204082 2.05818e-11
0.755102 0.0408163 6.79709e-11
0.755102 0.0612245 1.292e-10
0.755102 0.0816327 3.34295e-10
0.755102 0.102041 5.93843e-10
0.755102 0.122449 1.39588e-09
0.755102 0.142857 2.3689e-09
0.755102 0.163265 5.098e-09
0.755102 0.183673 8.2585e-09
0.755102 0.204082 1.63326e-08
0.755102 0.22449 2.521e-08
0.755102 0.244898 4.59503e-08
0.755102 0.265306 6.74216e-08
0.755102 0.285714 1.13487e-07
0.755102 0.306122 1.57799e-07
0.755102 0.326531 2.45519e-07
0.755102 0.346939 3.22182e-07
0.755102 0.367347 4.63172e-07
0.755102 0.387755 5.70508e-07
0.755102 0.408163 7.56424e-07
0.755102 0.428571 8.68656e-07
0.755102 0.44898 1.05903e-06
0.755102 0.469388 1.1253e-06
0.755102 0.489796 1.25773e-06
0.755102 0.510204 1.22839e-06
0.755102 0.530612 1.25773e-06
0.755102 0.55102 1.1253e-06
0.755102 0.571429 1.05903e-06
0.755102 0.591837 8.68656e-07
0.755102 0.612245 7.56424e-07
0.755102 0.632653 5.70508e-07
0.755102 0.653061 4.63172e-07
0.755102 0.673469 3.22182e-07
0.755102 0.693878 2.45519e-07
0.755102 0.714286 1.57799e-07
0.755102 0.734694 1.13487e-07
0.755102 0.755102 6.74216e-08
0.755102 0.77551 4.59503e-08
0.755102 0.795918 2.521e-08
0.755102 0.816327 1.63326e-08
0.755102 0.836735 8.2585e-09
0.755102 0.857143 5.09797e-09
0.755102 0.877551 2.36884e-09
0.755102 0.897959 1.39564e-09
0.755102 0.918367 5.93343e-10
0.755102 0.938776 3.32566e-10
0.755102 0.959184 1.25733e-10
0.755102 0.979592 5.72521e-11
0.755102 1 0

0.77551 0 0
0.77551 0.0204082 1.5597e-11
0.77551 0.0408163 3.43904e-11
0.77551 0.0612245 9.63439e-11
0.77551 0.0816327 1.74561e-10
0.77551 0.102041 4.3457e-10
0.77551 0.122449 7.49871e-10
0.77551 0.142857 1.70201e-09
0.77551 0.163265 2.80361e-09
0.77551 0.183673 5.82856e-09
0.77551 0.204082 9.1504e-09
0.77551 0.22449 1.74829e-08
0.77551 0.244898 2.61026e-08
0.77551 0.265306 4.59503e-08
0.77551 0.285714 6.50672e-08
0.77551 0.306122 1.05704e-07
0.77551 0.326531 1.4146e-07
0.77551 0.346939 2.12182e-07
0.77551 0.367347 2.67147e-07
0.77551 0.387755 3.69727e-07
0.77551 0.408163 4.3549e-07
0.77551 0.428571 5.55151e-07
0.77551 0.44898 6.07794e-07
0.77551 0.469388 7.12125e-07
0.77551 0.489796 7.20102e-07
0.77551 0.510204 7.74555e-07
0.77551 0.530612 7.20102e-07
0.77551 0.55102 7.12125e-07
0.77551 0.571429 6.07794e-07
0.77551 0.591837 5.55151e-07
0.77551 0.612245 4.3549e-07
0.77551 0.632653 3.69727e-07
0.77551 0.653061 2.67147e-07
0.77551 0.673469 2.12182e-07
0.77551 0.693878 1.4146e-07
0.77551 0.714286 1.05704e-07
0.77551 0.734694 6.50672e-08
0.77551 0.755102 4.59503e-08
0.77551 0.77551 2.61026e-08
0.77551 0.795918 1.74829e-08
0.77551 0.816327 9.1504e-09
0.77551 0.836735 5.82856e-09
0.77551 0.857143 2.8036e-09
0.77551 0.877551 1.70196e-09
0.77551 0.897959 7.49766e-10
0.77551 0.918367 4.34174e-10
0.77551 0.938776 1.73753e-10
0.77551 0.959184 9.36593e-11
0.77551 0.979592 2.91465e-11
0.77551 1 0

0.795918 0 0
0.795918 0.0204082 7.41604e-12
0.795918 0.0408163 2.51414e-11
0.795918 0.0612245 4.72248e-11
0.795918 0.0816327 1.2534e-10
0.795918 0.102041 2.20006e-10
0.795918 0.122449 5.28738e-10
0.795918 0.142857 8.85663e-10
0.795918 0.163265 1.9424e-09
0.795918 0.183673 3.10173e-09
0.795918 0.204082 6.23218e-09
0.795918 0.22449 9.46862e-09
0.795918 0.244898 1.74829e-08
0.795918 0.265306 2.521e-08
0.795918 0.285714 4.28695e-08
0.795918 0.306122 5.84894e-08
0.795918 0.326531 9.17173e-08
0.795918 0.346939 1.17941e-07
0.795918 0.367347 1.70587e-07
0.795918 0.387755 2.05765e-07
0.795918 0.408163 2.74322e-07
0.795918 0.428571 3.08666e-07
0.795918 0.44898 3.78811e-07
0.795918 0.469388 3.95304e-07
0.795918 0.489796 4.46141e-07
0.795918 0.510204 4.29631e-07
0.795918 0.530612 4.46141e-07
0.795918 0.55102 3.95304e-07
0.795918 0.571429 3.78811e-07
0.795918 0.591837 3.08666e-07
0.795918 0.612245 2.74322e-07
0.795918 0.632653 2.05765e-07
0.795918 0.653061 1.70587e-07
0.795918 0.673469 1.17941e-07
0.795918 0.693878 9.17173e-08
0.795918 0.714286 5.84894e-08
0.795918 0.734694 4.28695e-08
0.795918 0.755102 2.521e-08
0.795918 0.77551 1.74829e-08
0.795918 0.795918 9.46862e-09
0.795918 0.816327 6.23218e-09
0.795918 0.836735 3.10173e-09
0.795918 0.857143 1.94239e-09
0.795918 0.877551 8.85643e-10
0.795918 0.897959 5.28655e-10
0.795918 0.918367 2.19835e-10
0.795918 0.938776 1.24726e-10
0.795918 0.959184 4.60047e-11
0.795918 0.979592 2.12405e-11
0.795918 1 0

0.816327 0 0
0.816327 0.0204082 5.30725e-12
0.816327 0.0408163 1.15342e-11
0.816327 0.0612245 3.3279e-11
0.816327 0.0816327 5.95697e-11
0.816327 0.102041 1.52288e-10
0.816327 0.122449 2.59411e-10
0.816327 0.142857 6.02505e-10
0.816327 0.163265 9.78611e-10
0.816327 0.183673 2.07501e-09
0.816327 0.204082 3.20798e-09
0.816327 0.22449 6.23218e-09
0.816327 0.244898 9.1504e-09
0.816327 0.265306 1.63326e-08
0.816327 0.285714 2.27116e-08
0.816327 0.306122 3.73169e-08
0.816327 0.326531 4.89798e-08
0.816327 0.346939 7.41595e-08
0.816327 0.367347 9.14974e-08
0.816327 0.387755 1.2768e-07
0.816327 0.408163 1.47368e-07
0.816327 0.428571 1.8944e-07
0.816327 0.44898 2.03481e-07
0.816327 0.469388 2.40817e-07
0.816327 0.489796 2.39527e-07
0.816327 0.510204 2.61034e-07
0.816327 0.530612 2.39527e-07
0.816327 0.55102 2.40817e-07
0.816327 0.571429 2.03481e-07
0.816327 0.591837 1.8944e-07
0.816327 0.612245 1.47368e-07
0.816327 0.632653 1.2768e-07
0.816327 0.653061 9.14974e-08
0.816327 0.673469 7.41595e-08
0.816327 0.693878 4.89798e-08
0.816327 0.714286 3.73169e-08
0.816327 0.734694 2.27116e-08
0.816327 0.755102 1.63326e-08
0.816327 0.77551 9.1504e-09
0.816327 0.795918 6.23218e-09
0.816327 0.816327 3.20798e-09
0.816327 0.836735 2.075e-09
0.816327 0.857143 9.78608e-10
0.816327 0.877551 6.02489e-10
0.816327 0.897959 2.59379e-10
0.816327 0.918367 1.5216e-10
0.816327 0.938776 5.9312e-11
0.816327 0.959184 3.23877e-11
0.816327 0.979592 9.81069e-12
0.816327 1 0

0.836735 0 0
0.836735 0.0204082 2.27871e-12
0.836735 0.0408163 7.97535e-12
0.836735 0.0612245 1.47871e-11
0.836735 0.0816327 4.04908e-11
0.836735 0.102041 7.01652e-11
0.836735 0.122449 1.73323e-10
0.836735 0.142857 2.86334e-10
0.836735 0.163265 6.4314e-10
0.836735 0.183673 1.0117e-09
0.836735 0.204082 2.075e-09
0.836735 0.22449 3.10173e-09
0.836735 0.244898 5.82856e-09
0.836735 0.265306 8.2585e-09
0.836735 0.285714 1.42545e-08
0.836735 0.306122 1.9087e-08
0.836735 0.326531 3.03131e-08
0.836735 0.346939 3.82201e-08
0.836735 0.367347 5.59012e-08
0.836735 0.387755 6.6088e-08
0.836735 0.408163 8.90425e-08
0.836735 0.428571 9.82435e-08
0.836735 0.44898 1.21925e-07
0.836735 0.469388 1.24954e-07
0.836735 0.489796 1.42875e-07
0.836735 0.510204 1.35452e-07
0.836735 0.530612 1.42875e-07
0.836735 0.55102 1.24954e-07
0.836735 0.571429 1.21925e-07
0.836735 0.591837 9.82435e-08
0.836735 0.612245 8.90425e-08
0.836735 0.632653 6.6088e-08
0.836735 0.653061 5.59012e-08
0.836735 0.673469 3.82201e-08
0.836735 0.693878 3.03131e-08
0.836735 0.714286 1.9087e-08
0.836735 0.734694 1.42545e-08
0.836735 0.755102 8.2585e-09
0.836735 0.77551 5.82856e-09
0.836735 0.795918 3.10173e-09
0.836735 0.816327 2.075e-09
0.836735 0.836735 1.0117e-09
0.836735 0.857143 6.43137e-10
0.836735 0.877551 2.86328e-10
0.836735 0.897959 1.73299e-10
0.836735 0.918367 7.01161e-11
0.836735 0.938776 4.03059e-11
0.836735 0.959184 1.44233e-11
0.836735 0.979592 6.76366e-12
0.836735 1 0

0.857143 0 0
0.857143 0.0204082 1.54379e-12
0.857143 0.0408163 3.30137e-12
0.857143 0.0612245 9.87152e-12
0.857143 0.0816327 1.74414e-11
0.857143 0.102041 4.60539e-11
0.857143 0.122449 7.73817e-11
0.857143 0.142857 1.84893e-10
0.857143 0.163265 2.9591e-10
0.857143 0.183673 6.43137e-10
0.857143 0.204082 9.78608e-10
0.857143 0.22449 1.94239e-09
0.857143 0.244898 2.8036e-09
0.857143 0.265306 5.09797e-09
0.857143 0.285714 6.96093e-09
0.857143 0.306122 1.16232e-08
0.857143 0.326531 1.49653e-08
0.857143 0.346939 2.29831e-08
0.857143 0.367347 2.77991e-08
0.857143 0.387755 3.93023e-08
0.857143 0.408163 4.44703e-08
0.857143 0.428571 5.79073e-08
0.857143 0.44898 6.10232e-08
0.857143 0.469388 7.32216e-08
0.857143 0.489796 7.15654e-08
0.857143 0.510204 7.92102e-08
0.857143 0.530612 7.15654e-08
0.857143 0.55102 7.32216e-08
0.857143 0.571429 6.10232e-08
0.857143 0.591837 5.79073e-08
0.857143 0.612245 4.44703e-08
0.857143 0.632653 3.93023e-08
0.857143 0.653061 2.77991e-08
0.857143 0.673469 2.29831e-08
0.857143 0.693878 1.49653e-08
0.857143 0.714286 1.16232e-08
0.857143 0.734694 6.96093e-09
0.857143 0.755102 5.09797e-09
0.857143 0.77551 2.8036e-09
0.857143 0.795918 1.94239e-09
0.857143 0.816327 9.78608e-10
0.857143 0.836735 6.43137e-10
0.857143 0.857143 2.95909e-10
0.857143 0.877551 1.84889e-10
0.857143 0.897959 7.73733e-11
0.857143 0.918367 4.60193e-11
0.857143 0.938776 1.73721e-11
0.857143 0.959184 9.62021e-12
0.857143 0.979592 2.82063e-12
0.857143 1 0

0.877551 0 0
0.877551 0.0204082 5.9508e-13
0.877551 0.0408163 2.16403e-12
0.877551 0.0612245 3.95623e-12
0.877551 0.0816327 1.12484e-11
0.877551 0.102041 1.92274e-11
0.877551 0.122449 4.91032e-11
0.877551 0.142857 7.9945e-11
0.877551 0.163265 1.84889e-10
0.877551 0.183673 2.86328e-10
0.877551 0.204082 6.02489e-10
0.877551 0.22449 8.85643e-10
0.877551 0.244898 1.70196e-09
0.877551 0.265306 2.36884e-09
0.877551 0.285714 4.16992e-09
0.877551 0.306122 5.47931e-09
0.877551 0.326531 8.85493e-09
0.877551 0.346939 1.09478e-08
0.877551 0.367347 1.62677e-08
0.877551 0.387755 1.88519e-08
0.877551 0.408163 2.5784e-08
0.877551 0.428571 2.78924e-08
0.877551 0.44898 3.51427e-08
0.877551 0.469388 3.53435e-08
0.877551 0.489796 4.10655e-08
0.877551 0.510204 3.82582e-08
0.877551 0.530612 4.10655e-08
0.877551 0.55102 3.53435e-08
0.877551 0.571429 3.51427e-08
0.877551 0.591837 2.78924e-08
0.877551 0.612245 2.5784e-08
0.877551 0.632653 1.88519e-08
0.877551 0.653061 1.62677e-08
0.877551 0.673469 1.09478e-08
0.877551 0.693878 8.85493e-09
0.877551 0.714286 5.47931e-09
0.877551 0.734694 4.16992e-09
0.877551 0.755102 2.36884e-09
0.877551 0.77551 1.70196e-09
0.877551 0.795918 8.85643e-10
0.877551 0.816327 6.02489e-10
0.877551 0.836735 2.86328e-10
0.877551 0.857143 1.84889e-10
0.877551 0.877551 7.99438e-11
0.877551 0.897959 4.90974e-11
0.877551 0.918367 1.92156e-11
0.877551 0.938776 1.12014e-11
0.877551 0.959184 3.86474e-12
0.877551 0.979592 1.84388e-12
0.877551 1 0

0.897959 0 0
0.897959 0.0204082 3.82474e-13
0.897959 0.0408163 8.03422e-13
0.897959 0.0612245 2.50722e-12
0.897959 0.0816327 4.36872e-12
0.897959 0.102041 1.19914e-11
0.897959 0.122449 1.98588e-11
0.897959 0.142857 4.90983e-11
0.897959 0.163265 7.73735e-11
0.897959 0.183673 1.73299e-10
0.897959 0.204082 2.59379e-10
0.897959 0.22449 5.28655e-10
0.897959 0.244898 7.49766e-10
0.897959 0.265306 1.39564e-09
0.897959 0.285714 1.87061e-09
0.897959 0.306122 3.1892e-09
0.897959 0.326531 4.02729e-09
0.897959 0.346939 6.30232e-09
0.897959 0.367347 7.47213e-09
0.897959 0.387755 1.07502e-08
0.897959 0.408163 1.19213e-08
0.897959 0.428571 1.57879e-08
0.897959 0.44898 1.63118e-08
0.897959 0.469388 1.99102e-08
0.897959 0.489796 1.90947e-08
0.897959 0.510204 2.15165e-08
0.897959 0.530612 1.90947e-08
0.897959 0.55102 1.99102e-08
0.897959 0.571429 1.63118e-08
0.897959 0.591837 1.57879e-08
0.897959 0.612245 1.19213e-08
0.897959 0.632653 1.07502e-08
0.897959 0.653061 7.47213e-09
0.897959 0.673469 6.30232e-09
0.897959 0.693878 4.02729e-09
0.897959 0.714286 3.1892e-09
0.897959 0.734694 1.87061e-09
0.897959 0.755102 1.39564e-09
0.897959 0.77551 7.49766e-10
0.897959 0.795918 5.28655e-10
0.897959 0.816327 2.59379e-10
0.897959 0.836735 1.73299e-10
0.897959 0.857143 7.73733e-11
0.897959 0.877551 4.90974e-11
0.897959 0.897959 1.9857e-11
0.897959 0.918367 1.19835e-11
0.897959 0.938776 4.35314e-12
0.897959 0.959184 2.44732e-12
0.897959 0.979592 6.90161e-13
0.897959 1 0

0.918367 0 0
0.918367 0.0204082 1.31395e-13
0.918367 0.0408163 5.00063e-13
0.918367 0.0612245 9.00506e-13
0.918367 0.0816327 2.67731e-12
0.918367 0.102041 4.51077e-12
0.918367 0.122449 1.19847e-11
0.918367 0.142857 1.92159e-11
0.918367 0.163265 4.60194e-11
0.918367 0.183673 7.01161e-11
0.918367 0.204082 1.5216e-10
0.918367 0.22449 2.19835e-10
0.918367 0.244898 4.34174e-10
0.918367 0.265306 5.93343e-10
0.918367 0.285714 1.07024e-09
0.918367 0.306122 1.37957e-09
0.918367 0.326531 2.27895e-09
0.918367 0.346939 2.76204e-09
0.918367 0.367347 4.1877e-09
0.918367 0.387755 4.75529e-09
0.918367 0.408163 6.62869e-09
0.918367 0.428571 7.02622e-09
0.918367 0.44898 9.01877e-09
0.918367 0.469388 8.89072e-09
0.918367 0.489796 1.05261e-08
0.918367 0.510204 9.61834e-09
0.918367 0.530612 1.05261e-08
0.918367 0.55102 8.89072e-09
0.918367 0.571429 9.01877e-09
0.918367 0.591837 7.02622e-09
0.918367 0.612245 6.62869e-09
0.918367 0.632653 4.75529e-09
0.918367 0.653061 4.1877e-09
0.918367 0.673469 2.76204e-09
0.918367 0.693878 2.27895e-09
0.918367 0.714286 1.37957e-09
0.918367 0.734694 1.07024e-09
0.918367 0.755102 5.93343e-10
0.918367 0.77551 4.34174e-10
0.918367 0.795918 2.19835e-10
0.918367 0.816327 1.5216e-10
0.918367 0.836735 7.01161e-11
0.918367 0.857143 4.60193e-11
0.918367 0.877551 1.92156e-11
0.918367 0.897959 1.19835e-11
0.918367 0.918367 4.50842e-12
0.918367 0.938776 2.66728e-12
0.918367 0.959184 8.8122e-13
0.918367 0.979592 4.28491e-13
0.918367 1 0

0.938776 0 0
0.938776 0.0204082 8.006e-14
0.938776 0.0408163 1.64929e-13
0.938776 0.0612245 5.4114e-13
0.938776 0.0816327 9.29241e-13
0.938776 0.102041 2.66876e-12
0.938776 0.122449 4.35345e-12
0.938776 0.142857 1.12016e-11
0.938776 0.163265 1.73721e-11
0.938776 0.183673 4.03059e-11
0.938776 0.204082 5.9312e-11
0.938776 0.22449 1.24726e-10
0.938776 0.244898 1.73753e-10
0.938776 0.265306 3.32566e-10
0.938776 0.285714 4.37436e-10
0.938776 0.306122 7.64684e-10
0.938776 0.326531 9.46882e-10
0.938776 0.346939 1.51593e-09
0.938776 0.367347 1.76136e-09
0.938776 0.387755 2.5883e-09
0.938776 0.408163 2.81196e-09
0.938776 0.428571 3.80004e-09
0.938776 0.44898 3.84635e-09
0.938776 0.469388 4.78904e-09
0.938776 0.489796 4.50069e-09
0.938776 0.510204 5.17379e-09
0.938776 0.530612 4.50069e-09
0.938776 0.55102 4.78904e-09
0.938776 0.571429 3.84635e-09
0.938776 0.591837 3.80004e-09
0.938776 0.612245 2.81196e-09
0.938776 0.632653 2.5883e-09
0.938776 0.653061 1.76136e-09
0.938776 0.673469 1.51593e-09
0.938776 0.693878 9.46882e-10
0.938776 0.714286 7.64684e-10
0.938776 0.734694 4.37436e-10
0.938776 0.755102 3.32566e-10
0.938776 0.77551 1.73753e-10
0.938776 0.795918 1.24726e-10
0.938776 0.816327 5.9312e-11
0.938776 0.836735 4.03059e-11
0.938776 0.857143 1.73721e-11
0.938776 0.877551 1.12014e-11
0.938776 0.897959 4.35314e-12
0.938776 0.918367 2.66728e-12
0.938776 0.938776 9.26335e-13
0.938776 0.959184 5.29175e-13
0.938776 0.979592 1.42584e-13
0.938776 1 0

0.959184 0 0
0.959184 0.0204082 2.39162e-14
0.959184 0.0408163 9.58054e-14
0.959184 0.0612245 1.69885e-13
0.959184 0.0816327 5.30925e-13
0.959184 0.102041 8.81599e-13
0.959184 0.122449 2.44751e-12
0.959184 0.142857 3.86478e-12
0.959184 0.163265 9.62022e-12
0.959184 0.183673 1.44233e-11
0.959184 0.204082 3.23877e-11
0.959184 0.22449 4.60047e-11
0.959184 0.244898 9.36593e-11
0.959184 0.265306 1.25733e-10
0.959184 0.285714 2.33037e-10
0.959184 0.306122 2.94849e-10
0.959184 0.326531 4.99189e-10
0.959184 0.346939 5.93449e-10
0.959184 0.367347 9.20315e-10
0.959184 0.387755 1.02459e-09
0.959184 0.408163 1.45882e-09
0.959184 0.428571 1.51564e-09
0.959184 0.44898 1.98549e-09
0.959184 0.469388 1.9184e-09
0.959184 0.489796 2.31724e-09
0.959184 0.510204 2.07545e-09
0.959184 0.530612 2.31724e-09
0.959184 0.55102 1.9184e-09
0.959184 0.571429 1.98549e-09
0.959184 0.591837 1.51564e-09
0.959184 0.612245 1.45882e-09
0.959184 0.632653 1.02459e-09
0.959184 0.653061 9.20315e-10
0.959184 0.673469 5.93449e-10
0.959184 0.693878 4.99189e-10
0.959184 0.714286 2.94849e-10
0.959184 0.734694 2.33037e-10
0.959184 0.755102 1.25733e-10
0.959184 0.77551 9.36593e-11
0.959184 0.795918 4.60047e-11
0.959184 0.816327 3.23877e-11
0.959184 0.836735 1.44233e-11
0.959184 0.857143 9.62021e-12
0.959184 0.877551 3.86474e-12
0.959184 0.897959 2.44732e-12
0.959184 0.918367 8.8122e-13
0.959184 0.938776 5.29175e-13
0.959184 0.959184 1.6656e-13
0.959184 0.979592 8.26119e-14
0.959184 1 0

0.979592 0 0
0.979592 0.0204082 1.21018e-14
0.979592 0.0408163 2.44912e-14
0.979592 0.0612245 8.43379e-14
0.979592 0.0816327 1.42975e-13
0.979592 0.102041 4.28693e-13
0.979592 0.122449 6.902e-13
0.979592 0.142857 1.8439e-12
0.979592 0.163265 2.82064e-12
0.979592 0.183673 6.76366e-12
0.979592 0.204082 9.81069e-12
0.979592 0.22449 2.12405e-11
0.979592 0.244898 2.91465e-11
0.979592 0.265306 5.72521e-11
0.979592 0.285714 7.41288e-11
0.979592 0.306122 1.32639e-10
0.979592 0.326531 1.61578e-10
0.979592 0.346939 2.64224e-10
0.979592 0.367347 3.01869e-10
0.979592 0.387755 4.52387e-10
0.979592 0.408163 4.83091e-10
0.979592 0.428571 6.6507e-10
0.979592 0.44898 6.61551e-10
0.979592 0.469388 8.3859e-10
0.979592 0.489796 7.74411e-10
0.979592 0.510204 9.06068e-10
0.979592 0.530612 7.74411e-10
0.979592 0.55102 8.3859e-10
0.979592 0.571429 6.61551e-10
0.979592 0.591837 6.6507e-10
0.979592 0.612245 4.83091e-10
0.979592 0.632653 4.52387e-10
0.979592 0.653061 3.01869e-10
0.979592 0.673469 2.64224e-10
0.979592 0.693878 1.61578e-10
0.979592 0.714286 1.32639e-10
0.979592 0.734694 7.41288e-11
0.979592 0.755102 5.72521e-11
0.979592 0.77551 2.91465e-11
0.979592 0.795918 2.12405e-11
0.979592 0.816327 9.81069e-12
0.979592 0.836735 6.76366e-12
0.979592 0.857143 2.82063e-12
0.979592 0.877551 1.84388e-12
0.979592 0.897959 6.90161e-13
0.979592 0.918367 4.28491e-13
0.979592 0.938776 1.42584e-13
0.979592 0.959184 8.26119e-14
0.979592 0.979592 2.13037e-14
0.979592 1 0

1 0 0
1 0.0204082 0
1 0.0408163 0
1 0.0612245 0
1 0.0816327 0
1 0.102041 0
1 0.122449 0
1 0.142857 0
1 0.163265 0
1 0.183673 0
1 0.204082 0
1 0.22449 0
1 0.244898 0
1 0.265306 0
1 0.285714 0
1 0.306122 0
1 0.326531 0
1 0.346939 0
1 0.367347 0
1 0.387755 0
1 0.408163 0
1 0.428571 0
1 0.44898 0
1 0.469388 0
1 0.489796 0
1 0.510204 0
1 0.530612 0
1 0.55102 0
1 0.571429 0
1 0.591837 0
1 0.612245 0
1 0.632653 0
1 0.653061 0
1 0.673469 0
1 0.693878 0
1 0.714286 0
1 0.734694 0
1 0.755102 0
1 0.77551 0
1 0.795918 0
1 0.816327 0
1 0.836735 0
1 0.857143 0
1 0.877551 0
1 0.897959 0
1 0.918367 0
1 0.938776 0
1 0.959184 0
1 0.979592 0
1 1 0

